53
699
798
1489
1814
1834
2150
2486
2507
3478
5591
5630
5632
5634
5636
5638
5645
5648
5655
5657
5662
5664
5670
5677
5684
5692
5697
5700
5702
5713
5717
5720
5722
5723
5726
5729
5731
5763
5773
5775
5787
5793
5798
5810
5815
5838
5847
5849
5864
5867
5930
6080
6084
6086
6091
6094
6096
6098
6107
6138
6165
6176
6181
6188
6242
6251
6293
6296
6310
6325
6342
6415
6422
6424
6454
6495
6497
6523
6538
6585
6591
6597
6603
6626
6645
6657
6723
6739
6752
6791
6794
6818
6821
6855
6856
6857
6867
6872
6875
6878
6881
6925
7002
7010
7017
7021
7056
7107
7132
7145
7176
7181
7262
7264
7302
7326
7336
7341
7346
7522
7600
7627
7630
7632
7634
7639
7652
7654
7655
7658
7660
7698
7702
7766
7769
7771
7777
7781
7784
7785
7788
7790
7793
7896
7944
7957
8019
8050
8053
8058
8059
8067
8084
8091
8124
8192
8241
8333
8351
8370
8394
8399
8412
8484
8492
8494
8539
8658
8726
8842
8844
8845
8850
8852
8866
8921
8942
9020
9048
9071
9096
9110
9209
9254
9267
9271
9273
9278
9298
9369
9384
9411
9446
9481
9490
9590
9607
9673
9695
9727
9729
9750
9929
9940
9943
9950
9952
9957
10001
10238
10251
10267
10634
10673
10760
10787
10820
10861
10940
10949
10976
11011
11050
11119
11121
11208
11227
11246
11266
11273
11275
11277
11284
11307
11311
11314
11357
11360
11396
11416
11420
11424
11426
11433
11435
11437
11439
11441
11446
11457
11464
11476
11477
11480
11482
11483
11489
11491
11492
11493
11496
11501
11505
11507
11509
11515
11516
11518
11519
11521
11523
11525
11528
11529
11531
11532
11534
11539
11543
11545
11547
11549
11551
11553
11554
11557
11561
11562
11564
11566
11570
11576
11578
11580
11583
11584
11590
11592
11594
11595
11600
11606
11646
11648
11650
11654
11667
11680
11682
11698
11710
11723
11752
11756
11764
11768
11794
11796
11800
11820
11821
11822
11823
11838
11842
11843
11846
11847
11856
11868
11870
11871
11873
11876
11920
11923
11925
11926
11930
11961
11966
11971
11973
11987
11988
12011
12046
12050
12051
12077
12079
12080
12122
12140
12141
12152
12153
12154
12187
12190
12196
12197
12198
12199
12200
12201
12202
12203
12204
12205
12235
12236
12259
12262
12272
12284
12300
12302
12323
12389
12391
12393
12412
12414
12415
12430
12431
12438
12447
12531
12532
12541
12548
12565
12566
12567
12569
12570
12572
12573
12600
12611
12656
12677
12706
12711
12764
12805
12807
12809
12820
12838
12844
12854
12867
12978
13000
13026
13102
13106
13128
13182
13201
13288
13291
13342
13356
13361
13377
13414
13429
13441
13521
13624
13638
13640
13734
13759
13765
13770
13772
13778
13796
13821
13833
13839
13842
14105
14128
14130
14207
14219
14276
14283
14345
14684
14923
14931
14935
14976
14996
15011
15015
15017
15061
15243
15309
15382
15433
15570
15573
15583
15584
15616
15674
15682
15792
15881
15898
15972
16023
16272
16280
16334
16340
16362
16416
16566
16597
16615
16616
16670
16740
16743
16752
16810
16855
16859
16863
16895
16928
16943
16968
16977
16978
16979
16997
17023
17036
17039
17042
17053
17060
17075
17092
17107
17128
17194
17197
17209
17212
17259
17265
17269
17273
17274
17277
17281
17283
17287
17292
17309
17324
17332
17339
17361
17366
17370
17376
17377
17380
17383
17392
17410
17413
17415
17429
17434
17492
17503
17506
17514
17532
17535
17536
17538
17553
17566
17571
17576
17580
17585
17592
17595
17604
17617
17622
17627
17631
17633
17636
17648
17649
17654
17659
17668
17674
17709
17713
17716
17720
17738
17743
17752
17754
17758
17761
17762
17765
17785
17794
17798
17811
17837
17858
17895
17917
17923
17934
17940
17946
17960
17963
17990
17994
18019
18021
18026
18043
18053
18085
18090
18113
18116
18120
18122
18125
18131
18144
18166
18228
18241
18270
18274
18305
18309
18317
18340
18346
18375
18380
18396
18401
18404
18432
18441
18455
18480
18509
18513
18521
18531
18560
18566
18570
18577
18583
18591
18592
18608
18634
18647
18674
18678
18681
18697
18702
18707
18734
18737
18754
18755
18759
18777
18781
18784
18787
18790
18798
18811
18820
18854
18855
18858
18914
18926
18951
18969
19007
19034
19052
19065
19072
19091
19119
19123
19128
19151
19177
19232
19233
19264
19266
19312
19317
19323
19327
19329
19354
19373
19383
19411
19424
19433
19471
19483
19540
19549
19556
19654
19655
19666
19677
19688
19739
19750
19771
19782
19786
19807
19808
19820
19822
19829
19833
19835
19843
19845
19891
19931
20035
20094
20096
20133
20179
20266
20275
20336
20345
20369
20371
20374
20378
20382
20386
20391
20428
20475
20477
20481
20547
20640
20671
20716
20730
20773
20776
20783
20786
20796
20799
20805
20818
20828
20830
20848
20962
20975
20993
21015
21020
21026
21059
21093
21152
21155
21166
21175
21212
21218
21222
21256
21278
21343
21345
21362
21368
21384
21391
21425
21434
21454
21571
21575
21579
21585
21593
21636
21670
21672
21692
21698
21706
21709
21716
21790
21793
21990
22002
22164
22166
22175
22178
22181
22184
22187
22232
22284
22286
22292
22296
22299
22409
22502
22505
22541
22562
22565
22595
22619
22633
22709
22752
22766
22777
22792
22892
22911
22927
22989
23162
23173
23176
23180
23194
23196
23217
23220
23222
23254
23257
23259
23333
23347
23389
23412
23415
23437
23455
23548
23551
23554
23557
23559
23578
23622
23795
23803
23837
23876
23942
24017
24025
24027
24131
24148
24161
24266
24268
24284
24287
24304
24311
24314
24345
24348
24356
24365
24371
24433
24603
24606
24608
24612
24614
24690
24692
24694
24697
24703
24796
24797
24808
24825
24827
24829
24834
24836
24841
24844
24846
24873
25085
25096
25099
25118
25178
25183
25254
25335
25336
25344
25432
25454
25476
25492
25495
25508
25565
25566
25572
25573
25598
25599
25612
25695
25696
25697
25699
25707
25741
25743
25812
25822
25862
25936
25937
25964
26041
26066
26081
26082
26104
26133
26137
26150
26183
26194
26196
26197
26221
26222
26272
26303
26326
26346
26368
26484
26568
26624
26626
26629
26635
26645
26646
26647
26653
26660
26736
26743
26746
26749
26751
26756
26762
26780
26783
26785
26788
26798
26818
26832
26834
26844
26873
26879
26882
26885
26922
26948
26968
26971
26975
26981
26984
26988
26991
26993
26995
27000
27026
27044
27057
27090
27129
27145
27168
27173
27185
27199
27208
27232
27233
27253
27322
27329
27373
27384
27398
27418
27457
27482
27522
27531
27566
27578
27597
27656
27669
27676
27720
27772
27794
27811
27827
27878
27954
27973
27997
28017
28044
28051
28058
28081
28088
28191
28287
28295
28308
28370
28380
28388
28409
28470
28477
28520
28557
28564
28565
28573
28659
28684
28687
28697
28754
28762
28774
28893
28924
28931
28950
28951
29058
29130
29136
29141
29168
29224
29296
29325
29389
29419
29452
29468
29475
29480
29484
29493
29498
29499
29504
29531
29535
29543
29551
29554
29559
29643
29681
29695
29713
29720
29727
29781
29782
29785
29786
29789
29795
29808
29841
29844
29847
29864
29869
29877
30148
30207
30286
30288
30296
30305
30311
30312
30320
30339
30428
30431
30458
30461
30464
30576
30578
30587
30595
30709
30711
30765
30832
30843
30846
30848
30897
30904
30915
30918
30957
31042
31061
31114
31155
31174
31204
31209
31246
31251
31261
31262
31322
31335
31343
31361
31364
31369
31375
31384
31394
31468
31473
31527
31530
31533
31587
31612
31649
31653
31671
31935
31955
31958
31981
31984
31987
31994
32006
32030
32035
32038
32040
32055
32108
32136
32274
32291
32533
32543
32588
32798
32831
32836
32837
32840
32842
32844
32845
32847
32866
32920
32921
32949
32951
33082
33088
33102
33104
33106
33127
33132
33141
33144
33148
33166
33172
33178
33180
33235
33239
33245
33247
33249
33252
33254
33257
33271
33274
33276
33277
33279
33280
33290
33303
33323
33361
33453
33454
33460
33468
33471
33473
33479
33483
33486
33533
33537
33538
33543
33549
33551
33566
33595
33599
33610
33615
33617
33632
33634
33654
33662
33762
33765
33767
33807
33811
33837
33839
33840
34011
34017
34054
34055
34056
34062
34076
34078
34102
34104
34168
34263
34266
34268
34271
34272
34315
34320
34330
34489
34492
34495
34497
34499
34500
34502
34512
34596
34601
34603
34607
34653
34662
34672
34733
34734
34744
34770
34773
34775
34776
34790
34817
34819
34820
34839
34840
34851
34852
34877
34878
34890
34891
34895
34896
34897
34912
34916
34917
34989
35062
35100
35101
35137
35164
35180
35191
35194
35197
35199
35246
35331
35332
35382
35429
35457
35460
35482
35493
35563
35566
35590
35618
35624
35659
35661
35666
35698
35700
35708
35734
35735
35736
35761
35794
35802
35855
35879
35888
36017
36109
36144
36149
36187
36199
36232
36260
36349
36388
36402
36434
36452
36466
36468
36490
36510
36541
36571
36590
36634
36635
36780
36796
38282
42021
42032
42102
42210
42561
42974
43129
43165
43207
43255
43593
43598
43613
43617
43633
43678
43736
43739
43763
43765
43780
43784
43790
43796
43804
43817
43835
43838
43962
43966
43969
43995
43998
43999
44032
44033
44075
44123
44126
44127
44135
44144
44307
44311
44318
44325
44378
44379
44393
44402
44448
44560
44577
44669
44678
44686
44708
44725
44727
44906
44915
44990
45092
45159
45168
45215
45252
45330
45336
45338
45348
45479
45556
45657
45746
45824
45913
45927
45999
46002
46016
46228
46231
46242
46268
46283
46296
46302
46393
46424
46438
46444
46528
46551
46612
46629
46853
46854
46856
46981
47128
47153
47200
47203
47206
47261
47305
47310
47317
47408
47463
47533
47534
47536
47541
47622
47683
47691
47785
47813
47863
47865
47969
47984
48145
48281
48289
48305
48308
48309
48319
48350
48362
48366
48371
48472
48504
48506
48579
48597
48599
48791
48892
48976
48991
49002
49026
49043
49122
49191
49232
49419
49527
49679
49736
49772
49803
49883
49904
49973
50312
50439
50607
50621
50631
50639
50664
50671
50694
50699
50710
50718
50745
50763
50819
50849
50934
50954
50956
50993
51101
51223
51230
51243
51286
51485
51499
51541
51559
51569
51603
51614
51654
51668
52004
52018
52106
52128
52269
52310
52326
52335
52365
52391
52429
52432
52499
52519
52742
52756
52848
52867
53090
53093
53094
53107
53159
53169
53407
53427
53777
53821
53954
54032
54055
54059
54136
54619
54819
54849
55200
55308
55328
55403
55684
55688
55689
55724
55730
55738
55740
55748
55838
55950
55977
56088
56203
56357
56362
56384
56578
56583
56585
56622
56633
56730
56870
57266
57268
57282
57300
57313
57322
57331
57438
57489
57581
57733
58108
58119
58121
58149
58152
58153
58160
58168
58207
58209
58215
58218
58219
58227
58258
58335
58339
58352
58488
58597
58651
58739
58749
58805
58837
58894
58956
59179
59202
59231
59256
59305
59387
59637
59895
59922
59936
59945
59972
60022
60157
60362
60675
60701
60726
60730
60731
60733
60744
60782
60787
60794
60867
60895
60974
61109
61151
61215
61317
61319
61357
61361
61374
61767
61773
61774
61784
61807
61825
61826
61882
61904
61938
61964
62007
62437
62439
62445
62448
62473
62488
62489
62541
62590
62628
62669
62707
62730
62910
62959
63243
63269
63298
63304
63311
63319
63421
63453
63458
63461
63537
63641
63657
63830
63853
63879
63897
64010
64184
64186
64188
64191
64203
64370
64373
64379
64380
64408
64424
64431
64439
64460
64503
64527
64550
64761
65092
65095
65101
65102
65131
65146
65151
65159
65183
65270
65410
65700
65987
66507
66510
66901
66943
67254
67707
67786
68236
68262
68263
68269
68295
68300
68310
68311
68313
68319
68334
68377
68415
68427
68666
68813
68816
68850
68871
68965
69183
69324
69325
69393
69395
69430
69465
69542
69571
69603
69654
69688
69728
69733
69996
69998
70026
70040
70065
70072
70206
70257
70328
70714
70807
70837
71164
71169
71212
71497
72056
72224
72587
72817
72870
73014
73032
73041
73072
73080
73081
73130
73173
73201
73202
73407
73532
73535
73578
73668
73671
73947
74220
74366
74615
74703
74866
74947
75114
75155
75156
75251
75262
75284
75291
75327
75350
75617
75638
75732
75735
75775
75852
76043
76363
76438
76451
76477
76485
76561
76743
76810
76820
76895
76929
77039
77191
77223
77403
77564
77758
77767
77944
78119
78395
78590
78802
78891
78892
78911
79140
79222
79266
79321
79392
79457
79478
79496
79731
79851
79994
79995
80001
80006
80024
80030
80037
80039
80041
80042
80046
80050
80052
80053
80054
80074
80098
80110
80160
80185
80186
80241
80343
80345
80368
80422
80459
80482
80502
80805
80834
80958
81133
81174
81179
81185
81200
81212
81213
81232
81233
81316
81325
81423
81449
81459
81656
81666
81689
81708
81709
81715
81762
81792
81833
81928
81934
81953
82211
82217
82239
82244
82362
82580
82703
82706
82818
82847
82867
83192
83320
83667
83750
84029
84120
84264
84338
84405
84465
84534
84632
84670
84673
84690
84713
84985
85018
85132
85266
85399
85453
85511
85583
85817
85845
85904
85993
86038
86153
86371
86402
86407
86432
86433
86435
86441
86446
86447
86458
86484
86491
86537
86547
86551
86562
86619
86748
86765
86833
86852
86991
87209
87244
87381
87434
87595
87613
87620
87628
87642
87740
87772
87815
87882
87894
88000
88024
88039
88045
88053
88066
88163
88169
88190
88206
88229
88274
88398
88512
88533
88559
88560
88564
88571
88573
88583
88584
88615
88694
88886
88921
88924
88960
88963
89001
89113
89289
89442
89444
89477
89496
89623
89659
89667
89672
89678
89688
89691
89706
89708
89713
89764
89915
89982
89991
89996
90004
90013
90027
90029
90082
90160
90231
90487
90528
90539
90841
91337
91395
91396
91551
91576
91668
91768
91962
92241
92342
92620
92622
92629
92740
92920
92929
92963
93009
93012
93152
93352
93538
93575
93650
93838
93851
93886
94163
94507
94536
94555
94563
94590
94591
94594
94602
94603
94616
94621
94639
94643
94703
94717
94781
94790
94868
94870
94884
94888
94903
94918
94937
94984
95004
95023
95119
95296
95483
95519
95768
95774
95847
95858
95869
95906
95998
96010
96175
96182
96253
96263
96274
96315
96341
96422
96447
96457
96670
96695
96696
96701
96718
96797
96867
96988
96990
97220
97407
97490
97500
97605
97870
98129
98155
98179
98185
98187
98188
98189
98190
98195
98216
98231
98241
98279
98336
98341
98507
98520
98564
98566
98596
98708
98936
98969
98991
99312
99377
99448
99500
99584
99653
99827
99850
99863
99924
99933
99946
100075
100092
100132
100208
100461
100472
100538
100551
100746
100777
100779
100780
100781
100785
100820
100893
100898
100963
101034
101040
101121
101440
101485
101542
101630
101707
101775
102128
102135
102201
102243
102441
102563
102569
102586
102675
102735
102958
102969
102995
102999
103000
103001
103021
103026
103047
103089
103110
103112
103113
103259
103275
103307
103346
103703
103752
103782
103785
103896
103939
103941
103943
104167
104225
104485
104580
104581
104609
104618
104631
104678
104706
104922
104975
105024
105065
105076
105137
105289
105312
105313
105345
105674
105964
105988
106038
106042
106304
106332
106891
107253
107264
107269
107270
107272
107295
107319
107376
107432
107516
107587
107798
108007
108147
108275
108508
108662
108683
108715
108733
108806
108858
108893
108962
109110
109131
109160
109177
109267
109296
109330
109504
109505
109506
109510
109514
109531
109545
109547
109554
109556
109636
109792
109801
109811
110330
110373
110561
110563
110718
110814
110833
110854
111051
111096
111230
111286
111451
111496
111647
111681
111697
111736
111796
111869
111880
111883
111884
111887
111926
111971
112115
112286
112327
112431
112601
112774
112813
112839
112857
112870
112935
113014
113040
113058
113078
113125
113238
113272
113335
113453
113902
113964
114470
114812
115200
115206
115212
115220
115235
115240
115241
115278
115313
115627
115665
115759
115862
115889
115904
115958
116019
116047
116050
116173
116256
116510
116543
116599
116602
116626
116677
116721
116734
116755
116808
116854
116927
116952
117169
117241
117317
117448
117470
117523
117535
117715
117770
117986
118014
118087
118121
118133
118154
118171
118186
118209
118214
118292
118318
118329
118352
118389
118459
118478
118499
118515
118521
118526
118652
118668
118669
118670
118672
118674
118693
118710
118716
118733
118758
119015
119541
119587
119824
119885
120066
120101
120126
120295
120351
120354
120386
120401
120759
120842
120882
120896
120942
121116
121170
121320
121401
121458
121466
121550
121568
121578
121606
121609
121654
121696
121746
121750
121813
121829
121847
121853
121985
122001
122045
122061
122242
122576
122600
122633
122688
122874
122891
122938
123189
123235
123241
123319
123531
123580
123586
123643
123773
123881
123897
123921
123946
124217
124467
124488
124891
124960
124995
125132
125134
125215
125278
125332
125474
125492
125550
125555
125581
125583
125595
125653
125659
125740
125745
125762
125851
125912
126082
126124
126150
126209
126307
126325
126367
126655
126661
126669
126852
126856
126864
127041
127516
127602
127996
128259
128263
128454
128550
128555
128557
128585
128720
128750
128755
128788
128830
128940
129278
129348
129359
129627
129910
130022
130062
130101
130343
130368
130374
130379
130445
130446
130635
130851
131486
131509
131514
131522
131716
131744
131748
131758
131857
131858
131883
131884
131885
131889
131910
131921
131926
131947
132078
132093
132100
132112
132411
132445
132448
132567
132577
132677
132696
132746
132750
132855
132982
133011
133023
133050
133061
133124
133186
133205
133237
133288
133434
133482
133488
133500
133520
133605
133607
133875
133905
134100
134403
134411
134437
134458
134495
134656
135124
135280
135510
135869
135956
135960
135988
136128
136220
136251
136383
136388
136574
136740
136868
136879
136976
137347
137526
137719
137799
137846
137850
137861
137988
138186
138204
138225
138418
138628
138734
138889
138940
139008
139084
139914
139964
140069
140119
140275
140434
140558
140676
140697
140738
140927
141149
141165
141250
141272
141287
141443
141444
141448
141471
141476
141489
141511
141586
141587
141676
141806
141825
142218
142222
142319
142363
142390
142439
142458
142542
142548
142558
142625
143085
143504
143518
143548
143587
143637
143657
143670
143699
143732
143786
143850
143878
143912
144184
144387
144656
144659
144765
144829
144835
144846
144884
144992
145227
145430
145890
146149
146161
146167
146198
146199
146561
146649
146744
146783
146807
147077
147078
147129
147264
147314
147460
147948
148347
148447
148472
148626
148697
148702
148732
148773
149019
149072
149172
149475
149488
149594
149598
149604
149679
149715
149829
150046
150067
150260
150368
150471
150498
150564
150615
150637
150649
150674
150717
150735
150772
150841
150854
150858
150886
150979
151305
151343
151414
151555
151596
151597
151690
151724
151737
151740
151855
152138
152422
152431
152595
152627
152652
152665
152740
152775
152786
152802
152877
152879
152889
152911
152954
153000
153374
153390
153622
153895
154009
154090
154126
154150
154323
154325
154342
154513
154842
155118
155149
155224
155330
155369
155831
156269
156290
156387
156396
156592
156723
156827
157128
157175
157198
157211
157224
157227
157303
157385
157488
157987
157993
158146
158252
158310
158453
158714
158772
158798
159141
159353
159414
159417
159429
159482
159484
159488
159508
159515
159670
159735
159736
159953
159991
159993
160169
160186
160330
160344
160413
160432
160451
160564
160606
160610
160707
160711
160829
160926
161244
161576
161891
161994
162017
162036
162120
162132
162139
162235
162251
162254
162282
162307
162346
162364
162374
162390
162393
162424
162427
162447
162483
163304
163368
163529
163650
163651
164058
164140
164165
164296
164324
164353
164392
164453
164577
164638
164645
164712
164812
164872
164914
164932
165082
165094
165159
165222
165282
165298
165304
165384
165411
165441
165528
166069
166122
166163
166184
166214
166274
166288
166320
166333
166360
166365
166437
166657
166696
166729
166878
167202
167226
167234
167279
167304
167353
167422
167476
167503
167596
167793
168341
168559
168670
168684
168685
168721
168736
168863
169018
169179
169365
169384
169410
169450
169605
169725
169772
169781
169797
169804
169820
169847
169903
169907
169957
169967
169991
170141
170217
170373
170593
170673
170808
170930
170943
170956
170968
170993
171068
171303
171395
171654
171772
171818
171828
171890
171932
171980
172032
172310
172513
172592
172684
172711
172974
173004
173094
173146
173562
173712
174351
174484
174573
174717
174736
174738
174778
174801
174803
174841
174848
174860
175106
175436
175459
175582
175672
175700
175831
176019
176125
176133
176218
176403
176539
176580
177475
177793
177914
178012
178176
178237
178261
178372
178628
178682
178688
179068
179288
179351
179939
180116
180209
180230
180552
180636
180697
180784
180899
180914
180915
180940
180974
181063
181069
181071
181196
181300
181330
181531
181565
181874
182025
182081
182101
182131
182283
182336
182357
182426
182462
182635
182744
182819
182883
183309
183361
183383
183420
183421
183512
183755
183825
183900
184066
184077
184162
184174
184529
184738
184790
185039
185053
185260
185273
185340
185352
185660
185861
185961
185995
186173
186202
186214
186343
186370
186404
186428
186432
186725
186947
186952
187488
187541
188007
188040
188068
188069
188099
188141
188429
188535
188551
188606
188622
188840
189037
189043
189044
189188
189612
189626
189696
189711
190670
190799
190804
190848
190866
190871
190949
191176
191358
191548
192511
192770
192930
192975
193268
193474
193496
193505
193512
193547
193569
193578
193586
193587
193624
193694
193792
193820
193861
193916
194033
194041
194126
194134
194195
194491
195209
195221
195255
195267
195273
195322
195814
196006
196166
196380
196432
196488
196498
196508
196561
196626
196662
197116
197627
197668
197940
198201
198382
198473
