1
16
17
32
39
55
64
69
75
76
84
85
93
95
106
108
127
128
133
151
152
153
157
158
182
183
188
189
193
211
218
221
234
235
237
254
262
290
291
299
304
316
317
337
384
401
469
513
524
530
553
643
644
667
675
696
728
781
784
815
894
895
896
946
1005
1015
1072
1122
1129
1131
1244
1267
1281
1303
1321
1322
1341
1342
1371
1372
1374
1424
1539
1593
1594
1681
1703
1706
1795
1843
1855
1861
1867
1907
1930
1942
1985
2077
2086
2096
2103
2107
2118
2189
2248
2249
2250
2323
2324
2332
2398
2434
2448
2548
2554
2561
2572
2578
2587
2607
2710
2718
2729
2733
2741
2810
2864
2867
2870
2879
2894
2895
2906
2907
2917
2924
2967
3037
3042
3052
3062
3063
3064
3065
3070
3071
3080
3089
3103
3192
3198
3200
3201
3203
3205
3208
3210
3220
3232
3242
3243
3264
3265
3292
3307
3308
3313
3315
3316
3319
3320
3321
3323
3327
3328
3329
3331
3332
3333
3338
3341
3343
3345
3347
3352
3370
3410
3411
3425
3427
3432
3433
3435
3441
3450
3459
3462
3468
3470
3482
3512
3551
3559
3562
3565
3570
3573
3576
3579
3587
3594
3599
3600
3617
3647
3677
3678
3679
3680
3685
3689
3690
3692
3693
3694
3696
3702
3703
3704
3707
3714
3721
3724
3725
3742
3743
3746
3747
3749
3750
3757
3768
3771
3773
3775
3776
3778
3782
3785
3786
3790
3791
3794
3796
3798
3805
3810
3811
3818
3823
3826
3837
3862
3884
3885
3886
3887
3892
3926
3937
3938
3940
3946
3947
3950
3952
3955
3956
3957
3958
3963
3974
3993
3994
4001
4004
4013
4016
4018
4019
4054
4058
4062
4075
4078
4079
4083
4084
4086
4103
4104
4105
4109
4110
4112
4113
4114
4142
4146
4147
4148
4150
4154
4157
4160
4164
4165
4166
4169
4170
4174
4176
4177
4178
4189
4192
4193
4200
4204
4205
4206
4208
4209
4210
4211
4214
4215
4216
4218
4222
4223
4225
4228
4229
4230
4239
4240
4241
4242
4243
4246
4247
4248
4249
4250
4261
4262
4264
4265
4270
4274
4277
4279
4280
4281
4282
4283
4304
4305
4306
4307
4308
4310
4311
4312
4314
4321
4323
4324
4327
4330
4360
4364
4366
4371
4374
4382
4383
4394
4395
4399
4400
4401
4403
4407
4409
4418
4420
4423
4424
4427
4432
4437
4440
4444
4445
4463
4465
4468
4478
4486
4487
4496
4498
4499
4544
4547
4550
4565
4581
4583
4591
4594
4611
4612
4613
4616
4620
4628
4651
4652
4654
4655
4659
4665
4679
4686
4696
4697
4699
4703
4704
4710
4711
4712
4713
4715
4722
4724
4735
4739
4747
4751
4752
4756
4772
4784
4786
4787
4788
4793
4794
4795
4799
4800
4809
4812
4828
4829
4830
4834
4835
4846
4847
4848
4850
4851
4852
4854
4855
4857
4861
4862
4872
4873
4878
4880
4886
4888
4889
4890
4893
4895
4899
4915
4919
4922
4923
4924
4925
4926
4927
4928
4936
4937
4939
4941
4942
4944
4945
4947
4959
4960
4962
4966
4968
4969
4971
4972
4973
4975
4976
4977
4979
4980
4981
4982
4983
4998
5000
5001
5002
5003
5006
5007
5022
5024
5025
5027
5035
5037
5042
5047
5048
5049
5050
5052
5058
5060
5061
5062
5064
5065
5072
5073
5075
5076
5081
5084
5085
5086
5090
5091
5094
5095
5099
5101
5103
5105
5107
5113
5114
5116
5125
5126
5129
5133
5138
5143
5144
5148
5150
5153
5159
5161
5165
5170
5171
5173
5177
5178
5179
5180
5181
5183
5192
5193
5194
5195
5196
5197
5198
5200
5201
5202
5203
5208
5211
5220
5221
5222
5223
5224
5226
5227
5229
5231
5235
5236
5239
5240
5241
5242
5244
5247
5248
5251
5252
5254
5257
5258
5260
5261
5264
5268
5270
5271
5273
5287
5288
5289
5290
5291
5292
5293
5300
5301
5303
5306
5312
5313
5318
5319
5320
5326
5327
5329
5331
5333
5335
5336
5349
5351
5357
5359
5361
5362
5367
5378
5379
5380
5382
5394
5396
5397
5400
5403
5404
5405
5408
5409
5412
5413
5416
5419
5422
5428
5429
5431
5434
5437
5443
5444
5446
5447
5448
5449
5450
5452
5455
5461
5462
5464
5467
5468
5471
5473
5474
5478
5479
5484
5486
5489
5491
5493
5500
5512
5513
5515
5516
5526
5527
5554
5555
5557
5560
5564
5570
5585
5586
5587
5588
5639
5647
5649
5650
5825
5848
5894
5922
5925
6050
6142
6147
6164
6194
6229
6328
6332
6379
6386
6427
6458
6730
6741
6744
6922
6924
6995
7003
7041
7167
7464
7506
7512
7697
7713
7854
7950
8022
8185
8190
8193
8254
8345
8459
8473
8479
8487
8489
8503
8614
8624
8638
8706
8734
8759
8770
8886
8961
8984
9021
9031
9064
9065
9120
9178
9204
9216
9257
9301
9325
9335
9428
9430
9436
9466
9473
9529
9544
9559
9561
9694
9699
9701
9702
9757
9780
9833
9844
9860
9871
9872
9954
9956
9958
9968
9979
9981
10008
10027
10092
10104
10110
10120
10198
10199
10234
10236
10239
10248
10255
10259
10287
10309
10390
10425
10437
10446
10450
10462
10466
10468
10486
10488
10495
10497
10499
10501
10505
10513
10517
10519
10521
10528
10550
10552
10554
10556
10558
10561
10562
10570
10583
10586
10588
10602
10603
10640
10718
10723
10732
10733
10736
10757
10784
10791
10852
10854
10871
10878
10891
10915
10918
10927
10963
10965
10971
10972
11023
11086
11089
11095
11102
11106
11110
11160
11165
11175
11185
11192
11194
11209
11211
11213
11216
11218
11221
11229
11236
11247
11252
11255
11258
11260
11262
11268
11270
11274
11278
11285
11288
11289
11291
11293
11300
11302
11316
11317
11320
11327
11337
11339
11352
11356
11358
11361
11368
11375
11379
11380
11381
11387
11395
11397
11399
11408
11413
11415
11419
11421
11425
11427
11432
11436
11438
11443
11445
11449
11455
11458
11461
11472
11474
11478
11479
11481
11484
11485
11488
11490
11495
11497
11500
11503
11504
11506
11508
11512
11520
11522
11524
11530
11533
11536
11538
11540
11541
11544
11546
11548
11552
11555
11558
11565
11567
11569
11575
11577
11579
11581
11585
11588
11589
11591
11593
11596
11598
11605
11609
11611
11613
11615
11616
11618
11624
11626
11628
11634
11642
11644
11647
11657
11815
12268
12345
12481
12615
12633
12641
12651
12655
12700
12705
12728
12730
12731
12734
12740
12744
12746
12763
12831
12841
12845
12849
12875
12894
12900
12905
12916
12919
12936
12946
12990
13047
13055
13062
13064
13084
13138
13176
13180
13188
13190
13229
13233
13245
13262
13270
13280
13285
13294
13313
13415
13486
13502
13519
13526
13530
13550
13551
13567
13577
13627
13648
13697
13700
13711
13720
13758
13814
13816
13820
13856
13898
13907
13908
13919
13972
13992
14007
14106
14114
14292
14293
14297
14308
14313
14410
14423
14464
14476
14492
14558
14567
14582
14590
14657
14691
14752
14753
14758
14773
14920
14943
14946
14950
14961
14971
15027
15031
15058
15075
15077
15081
15092
15096
15100
15264
15325
15335
15374
15423
15424
15453
15480
15485
15486
15529
15530
15531
15582
15597
15609
15617
15679
15681
15730
15750
15769
15771
15773
15878
15880
15882
15884
15888
15936
15937
15997
16043
16055
16068
16082
16085
16087
16089
16095
16097
16107
16165
16167
16171
16174
16195
16231
16234
16236
16238
16278
16353
16453
16461
16507
16518
16530
16571
16575
16601
16609
16612
16614
16626
16628
16632
16652
16775
16780
16803
16811
16831
16846
16847
16852
16854
16857
16866
16882
16885
16894
16901
16909
16920
16923
16930
16933
16935
16941
16944
16946
16948
16955
16958
16961
16964
16973
16974
16993
17006
17009
17011
17018
17030
17035
17052
17056
17061
17069
17076
17078
17081
17082
17094
17097
17104
17112
17117
17122
17123
17129
17130
17133
17138
17144
17154
17155
17161
17162
17172
17174
17175
17177
17178
17188
17195
17196
17198
17200
17204
17214
17218
17236
17239
17241
17244
17251
17252
17257
17260
17263
17266
17267
17270
17275
17278
17279
17282
17288
17289
17294
17296
17300
17315
17317
17320
17322
17327
17328
17334
17350
17359
17367
17371
17373
17378
17381
17384
17387
17399
17411
17416
17421
17425
17442
17448
17453
17457
17460
17475
17484
17486
17487
17489
17494
17507
17515
17539
17540
17543
17550
17556
17558
17567
17568
17573
17577
17581
17586
17587
17597
17599
17605
17606
17618
17623
17624
17635
17637
17640
17644
17655
17660
17661
17672
17673
17675
17676
17692
17694
17695
17697
17700
17701
17703
17714
17721
17726
17730
17739
17744
17745
17750
17753
17766
17768
17779
17787
17792
17795
17796
17804
17812
17815
17827
17829
17833
17836
17859
17866
17881
17896
17919
17928
17942
17957
17968
17985
17989
18006
18010
18020
18022
18044
18045
18072
18089
18096
18097
18101
18118
18130
18133
18134
18141
18143
18154
18159
18161
18171
18173
18177
18191
18209
18220
18239
18242
18243
18254
18273
18276
18280
18284
18291
18292
18298
18303
18304
18318
18319
18333
18336
18338
18365
18366
18384
18385
18388
18395
18403
18409
18416
18421
18423
18445
18448
18450
18453
18459
18462
18467
18483
18487
18490
18502
18505
18518
18543
18557
18561
18571
18585
18588
18594
18598
18616
18620
18633
18639
18641
18643
18654
18659
18662
18667
18670
18672
18686
18703
18704
18714
18720
18740
18752
18757
18785
18788
18801
18802
18825
18831
18835
18857
18860
18876
18886
18892
18898
18909
18922
18936
18937
18970
18972
18980
18982
18992
19002
19012
19022
19024
19032
19040
19043
19053
19056
19061
19071
19074
19115
19122
19139
19149
19150
19152
19156
19165
19170
19178
19182
19186
19188
19197
19204
19209
19210
19214
19215
19221
19248
19251
19257
19260
19261
19268
19270
19271
19276
19278
19279
19282
19285
19288
19292
19304
19313
19314
19316
19321
19322
19331
19341
19351
19355
19356
19385
19397
19405
19413
19423
19425
19444
19466
19496
19515
19528
19536
19541
19551
19555
19563
19570
19575
19578
19588
19604
19612
19628
19637
19642
19647
19681
19683
19684
19697
19705
19712
19717
19721
19723
19734
19737
19743
19751
19756
19777
19781
19792
19800
19809
19813
19819
19826
19837
19850
19855
19860
19879
19887
19889
19921
19924
19927
19933
19935
19939
19942
19944
19958
19961
19969
19971
19978
19984
19986
19992
19995
20010
20014
20017
20033
20034
20041
20045
20051
20060
20061
20067
20074
20082
20089
20116
20118
20120
20124
20126
20129
20131
20134
20138
20140
20160
20161
20165
20169
20176
20189
20204
20214
20217
20234
20249
20254
20262
20280
20286
20297
20321
20323
20347
20352
20375
20377
20402
20413
20418
20424
20429
20431
20435
20450
20452
20454
20459
20482
20487
20491
20507
20519
20520
20538
20555
20558
20564
20574
20577
20581
20606
20612
20620
20630
20633
20641
20642
20646
20651
20656
20668
20684
20689
20711
20717
20751
20756
20759
20761
20763
20772
20775
20778
20787
20804
20876
20878
20882
20883
20886
20888
20895
20897
20898
20900
20909
20915
20921
20930
20934
20939
20941
20961
20966
20968
20979
20985
20988
20994
21001
21006
21007
21008
21010
21021
21029
21041
21043
21047
21054
21060
21078
21080
21084
21088
21092
21105
21116
21122
21124
21126
21130
21140
21141
21183
21190
21192
21209
21210
21215
21231
21243
21273
21308
21326
21330
21341
21344
21348
21350
21357
21365
21382
21393
21407
21411
21418
21442
21495
21512
21530
21548
21568
21570
21584
21609
21612
21618
21678
21682
21705
21725
21733
21740
21758
21795
21801
21824
21837
21871
21929
21931
21934
21942
21948
22015
22090
22102
22124
22137
22186
22192
22194
22230
22236
22276
22279
22288
22291
22294
22295
22305
22400
22423
22455
22495
22520
22532
22586
22594
22662
22677
22683
22727
22729
22732
22735
22738
22753
22781
22901
22916
22946
22992
22995
22997
23030
23033
23038
23073
23080
23122
23124
23126
23128
23131
23134
23140
23145
23156
23159
23313
23315
23318
23324
23326
23334
23348
23366
23371
23374
23395
23398
23400
23404
23411
23414
23443
23448
23493
23536
23547
23553
23556
23558
23563
23567
23617
23618
23621
23627
23635
23641
23644
23650
23653
23664
23667
23671
23676
23678
23679
23682
23703
23782
23794
23840
23848
23851
23875
23925
23928
23963
24000
24001
24002
24016
24030
24032
24039
24094
24097
24262
24285
24302
24312
24327
24355
24376
24379
24402
24434
24470
24477
24480
24513
24532
24535
24539
24550
24562
24571
24573
24583
24693
24735
24746
24749
24763
24776
24782
24785
24788
24838
24862
24867
24870
24872
24916
24917
24941
24960
24971
25022
25044
25059
25064
25083
25175
25187
25213
25220
25223
25235
25238
25263
25271
25619
26200
26337
26720
26779
26781
26792
26808
26998
27022
27092
27140
27236
27288
27297
27319
27427
27435
27572
27596
27601
27623
27635
27675
27679
27724
27736
27750
27768
27780
27793
27802
27866
27867
27903
27910
27921
27986
28020
28063
28131
28234
28236
28254
28260
28327
28347
28402
28422
28427
28498
28502
28509
28526
28532
28533
28563
28623
28669
28695
28777
28817
28824
28833
28839
28852
28862
28865
28957
28960
29017
29055
29108
29149
29161
29164
29172
29174
29178
29195
29196
29204
29219
29231
29314
29318
29341
29366
29387
29472
29523
29529
29575
29637
29726
29735
29743
29829
29884
29898
29971
30025
30151
30153
30209
30217
30258
30358
30394
30520
30522
30525
30531
30532
30607
30611
30655
30658
30679
30682
30700
30708
30727
30737
30739
30753
30754
30786
30842
30875
30932
30969
31017
31045
31050
31051
31063
31083
31137
31145
31162
31183
31215
31226
31257
31287
31290
31293
31303
31349
31429
31469
31482
31486
31487
31513
31593
31598
31639
31647
31795
31840
31907
32005
32102
32109
32119
32178
32200
32271
32273
32286
32288
32290
32296
32299
32307
32317
32325
32438
32460
32466
32473
32491
32493
32495
32496
32497
32500
32501
32508
32513
32557
32559
32563
32567
32569
32647
32673
32675
32677
32687
32725
32746
32748
32779
32780
32783
32784
32785
32786
32790
32806
32808
32810
32812
32814
32830
32832
32835
32839
32852
32854
32856
32857
32862
32863
32871
32880
32883
32887
32888
32902
32904
32975
32995
33003
33015
33016
33061
33122
33126
33151
33153
33176
33177
33197
33205
33209
33345
33347
33349
33351
33353
33362
33416
33427
33442
33482
33527
33548
33550
33568
33614
33616
33635
33649
33665
33669
33789
33806
33818
33819
33821
33870
33881
33892
33900
33901
33903
33919
33921
33947
33967
33970
33972
33996
34005
34012
34039
34044
34057
34133
34140
34152
34174
34205
34209
34211
34256
34258
34260
34289
34306
34307
34309
34333
34344
34346
34459
34462
34464
34469
34472
34494
34498
34501
34556
34558
34560
34589
34591
34595
34630
34632
34657
34663
34678
34680
34691
34702
34706
34949
37875
38045
38128
38217
38242
38269
38270
38272
38275
38361
38404
38405
38406
38407
38421
38422
38429
38431
38434
38435
38449
38456
38561
38572
38581
38585
38593
38708
38730
38751
38752
38759
38891
38892
38905
38906
38910
39037
39054
39073
39088
39097
39121
39170
39173
39174
39193
39196
39213
39260
39261
39273
39285
39296
39297
39300
39359
39370
39371
39445
39493
39562
39563
39565
39600
39613
39620
39621
39634
39646
39647
39666
39672
39673
39699
39705
39746
39747
39754
39761
39808
39809
39823
39824
39851
39852
39854
39859
39881
39917
39918
39930
39970
39971
39981
39982
40004
40007
40021
40040
40045
40046
40053
40058
40098
40136
40137
40148
40149
40177
40234
40235
40248
40286
40295
40296
40319
40359
40415
40416
40427
40430
40436
40494
40495
40507
40528
40538
40539
40543
40544
40672
40673
40728
40729
40731
40787
40817
40824
40950
40964
40966
40967
40969
40971
40981
40982
41066
41068
41070
41114
41116
41117
41136
41140
41144
41145
41156
41236
41246
41254
41258
41295
41321
41322
41325
41337
41358
41366
41414
41417
41418
41459
41514
41527
41539
41574
41592
41596
41600
41602
41605
41625
41630
41640
41681
41700
41743
41744
41745
41746
41803
41818
41845
41848
41903
41905
41907
41909
41934
41981
41995
42022
42029
42044
42071
42099
42119
42120
42129
42155
42156
42157
42174
42176
42203
42227
42231
42236
42240
42270
42283
42286
42306
42307
42321
42322
42323
42326
42329
42343
42379
42380
42400
42401
42404
42414
42424
42430
42451
42456
42483
42507
42564
42602
42603
42604
42606
42607
42640
42669
42670
42671
42704
42705
42735
42736
42737
42741
42745
42746
42758
42759
42767
42770
42771
42785
42786
42807
42836
42850
42863
42864
42884
42885
42902
42915
42922
42930
42943
42989
43004
43011
43019
43026
43027
43049
43053
43054
43071
43096
43104
43112
43130
43159
43173
43187
43195
43197
43216
43220
43229
43235
43239
43243
43260
43270
43272
43278
43289
43305
43311
43312
43313
43316
43336
43345
43346
43352
43359
43368
43369
43372
43373
43391
43397
43398
43400
43402
43406
43435
43453
43463
43492
43498
43500
43503
43504
43505
43506
43507
43508
43524
43534
43556
43559
43564
43606
43614
43615
43626
43627
43658
43660
43661
43669
43676
43681
43692
43695
43699
43700
43701
43726
43735
43744
43749
43754
43757
43760
43762
43764
43773
43774
43779
43782
43786
43787
43791
43793
43794
43795
43797
43801
43805
43807
43828
43845
43856
43866
43867
43873
43877
43890
43912
43915
43918
43921
43926
43946
43961
43973
43986
43990
43994
43996
43997
44010
44012
44020
44021
44024
44026
44027
44028
44030
44031
44034
44039
44040
44041
44042
44060
44064
44077
44106
44154
44156
44163
44169
44171
44180
44192
44202
44214
44216
44228
44232
44239
44241
44243
44245
44305
44306
44310
44326
44330
44341
44348
44351
44357
44358
44359
44363
44365
44370
44380
44391
44394
44417
44426
44505
44521
44522
44555
44563
44600
44607
44621
44622
44625
44628
44632
44633
44635
44676
44679
44704
44707
44714
44722
44724
44734
44736
44747
44748
44750
44751
44755
44756
44757
44761
44763
44767
44792
44796
44798
44879
44903
44908
44910
44913
44916
44919
44923
44924
44930
44933
44971
45009
45011
45013
45022
45047
45064
45116
45117
45120
45127
45136
45144
45149
45193
45194
45197
45202
45205
45209
45216
45218
45220
45225
45229
45262
45272
45277
45278
45280
45304
45305
45312
45318
45324
45326
45331
45332
45354
45364
45366
45405
45445
45447
45452
45506
45527
45534
45546
45548
45549
45552
45554
45557
45558
45561
45562
45564
45572
45574
45577
45632
45638
45663
45665
45667
45678
45707
45726
45775
45782
45783
45785
45802
45812
45820
45858
45875
45886
45895
45947
45948
45962
45969
45970
45977
45983
45985
45988
45989
45993
45995
45996
46001
46021
46026
46030
46033
46035
46067
46074
46086
46103
46146
46151
46156
46157
46159
46160
46178
46211
46224
46230
46240
46241
46243
46251
46260
46262
46264
46265
46276
46278
46279
46284
46286
46292
46295
46304
46305
46311
46316
46317
46326
46354
46377
46379
46381
46396
46415
46421
46427
46429
46476
46478
46484
46485
46492
46494
46495
46498
46500
46505
46506
46509
46540
46545
46549
46554
46555
46565
46566
46567
46570
46573
46577
46593
46594
46598
46609
46616
46620
46621
46626
46628
46631
46646
46653
46662
46663
46668
46673
46674
46679
46681
46684
46686
46692
46693
46694
46716
46720
46725
46736
46738
46742
46744
46745
46746
46749
46753
46755
46776
46778
46780
46791
46794
46796
46797
46817
46824
46849
46869
46870
46880
46881
46889
46907
46939
46952
46982
46992
46993
46995
47016
47030
47031
47034
47041
47057
47082
47091
47181
47183
47196
47218
47233
47249
47251
47267
47277
47309
47315
47325
47370
47372
47382
47398
47399
47411
47433
47435
47482
47492
47527
47532
47547
47651
47657
47658
47659
47660
47688
47689
47693
47694
47714
47809
47843
47845
47875
47893
47894
47907
47910
47968
47981
48046
48051
48091
48170
48228
48231
48233
48236
48240
48271
48303
48304
48320
48322
48328
48330
48341
48347
48352
48356
48365
48369
48374
48375
48376
48381
48382
48386
48458
48475
48491
48494
48501
48507
48544
48545
48547
48550
48555
48556
48557
48562
48566
48567
48590
48593
48596
48602
48604
48614
48615
48619
48625
48629
48630
48639
48645
48647
48648
48650
48666
48669
48672
48675
48680
48681
48683
48684
48690
48693
48710
48713
48714
48722
48724
48757
48760
48761
48777
48779
48794
48795
48798
48803
48804
48807
48813
48814
48818
48827
48828
48843
48855
48856
48859
48860
48865
48872
48873
48876
48878
48880
48891
48898
48902
48906
48907
48910
48911
48913
48921
48924
48929
48936
48943
48968
49001
49030
49031
49034
49075
49078
49080
49083
49084
49094
49096
49101
49105
49109
49131
49255
49256
49263
49265
49268
49269
49298
49299
49325
49394
49423
49460
49484
49494
49496
49503
49505
49526
49528
49530
49533
49591
49625
49650
49661
49680
49696
49731
49750
49760
49773
49808
49813
49851
49856
49859
49860
49869
49871
49878
49881
49905
49911
49915
49926
50005
50006
50017
50042
50049
50053
50085
50086
50175
50197
50237
50240
50256
50264
50274
50278
50290
50298
50310
50313
50411
50425
50456
50473
50557
50559
50560
50562
50619
50624
50646
50650
50659
50660
50665
50666
50674
50678
50682
50685
50698
50716
50725
50764
50798
50803
50805
50823
50843
50889
50892
50894
50897
50899
50905
50910
50911
50912
50913
50915
50918
50919
50942
50944
50949
50952
50953
50959
50961
50975
50977
50986
50990
50991
50995
51008
51016
51017
51037
51042
51049
51051
51052
51054
51055
51057
51073
51075
51081
51084
51085
51086
51088
51100
51104
51105
51111
51117
51120
51130
51134
51142
51143
51145
51148
51156
51158
51166
51169
51186
51188
51213
51222
51225
51229
51241
51245
51246
51248
51254
51260
51261
51266
51271
51279
51280
51285
51291
51293
51297
51298
51300
51302
51317
51320
51327
51328
51355
51379
51380
51389
51390
51394
51400
51408
51416
51429
51435
51447
51470
51473
51477
51480
51486
51495
51553
51560
51568
51586
51588
51608
51611
51630
51650
51717
51722
51723
51742
51784
51787
51815
51849
51868
51895
51918
51933
52104
52175
52194
52212
52219
52245
52249
52250
52252
52256
52258
52287
52318
52319
52320
52323
52327
52345
52348
52370
52374
52399
52407
52420
52475
52483
52504
52527
52549
52551
52580
52610
52623
52643
52660
52687
52707
52757
52911
52945
53013
53022
53024
53041
53085
53086
53089
53111
53124
53127
53128
53133
53137
53141
53148
53157
53162
53164
53172
53179
53184
53198
53264
53277
53294
53296
53305
53310
53311
53361
53363
53367
53368
53377
53378
53380
53381
53382
53385
53392
53393
53417
53418
53425
53426
53433
53436
53440
53444
53447
53455
53456
53469
53478
53488
53494
53505
53506
53507
53512
53514
53515
53519
53521
53539
53541
53551
53552
53560
53561
53563
53599
53609
53616
53619
53627
53634
53641
53644
53647
53654
53667
53668
53689
53691
53692
53693
53701
53704
53742
53755
53768
53781
53792
53798
53807
53816
53822
53826
53830
53834
53836
53847
53853
53854
53856
53857
53865
53869
53878
53879
53885
53889
53891
53897
53905
53943
53946
53948
53952
53953
54002
54010
54014
54031
54085
54087
54091
54126
54131
54146
54151
54156
54187
54208
54212
54262
54403
54430
54431
54448
54456
54527
54533
54555
54593
54622
54631
54666
54699
54704
54739
54745
54757
54782
54788
54792
54815
54830
54879
54881
54924
54942
54947
54953
54965
54981
54988
55012
55082
55106
55225
55226
55244
55276
55318
55327
55329
55394
55404
55410
55433
55466
55477
55513
55553
55613
55615
55621
55634
55683
55687
55718
55731
55739
55751
55752
55755
55758
55769
55781
55824
55826
55843
55863
55910
55917
55919
55921
55924
55926
55936
55945
55961
55965
56019
56028
56029
56030
56033
56046
56050
56054
56055
56063
56064
56071
56078
56093
56097
56105
56107
56163
56168
56191
56206
56207
56214
56219
56227
56243
56248
56250
56254
56263
56267
56268
56270
56356
56360
56377
56381
56385
56387
56390
56394
56396
56400
56403
56406
56407
56410
56411
56418
56426
56438
56439
56443
56444
56445
56446
56464
56490
56494
56502
56506
56522
56546
56549
56556
56571
56614
56630
56737
56830
56961
57081
57096
57162
57177
57193
57196
57235
57246
57258
57264
57280
57329
57334
57461
57494
57540
57669
57674
57766
57780
57808
57813
57814
57823
57854
57892
57904
57919
57971
58061
58065
58079
58089
58135
58148
58151
58189
58193
58197
58198
58203
58205
58210
58211
58230
58231
58232
58243
58307
58309
58324
58325
58338
58348
58393
58398
58400
58410
58411
58417
58418
58425
58447
58453
58462
58471
58473
58502
58504
58526
58528
58531
58545
58558
58560
58566
58572
58576
58590
58601
58612
58613
58616
58626
58633
58634
58639
58649
58669
58673
58674
58676
58677
58684
58699
58711
58728
58751
58755
58771
58775
58803
58855
58874
58893
58897
58926
58933
58958
58972
58974
58976
58987
58990
58992
58993
58994
58996
58998
59002
59003
59004
59007
59021
59026
59028
59030
59031
59042
59044
59050
59053
59079
59080
59096
59122
59129
59153
59160
59170
59175
59177
59209
59212
59215
59287
59292
59325
59344
59346
59355
59363
59366
59372
59374
59400
59415
59417
59425
59448
59464
59466
59470
59500
59515
59602
59609
59610
59614
59615
59733
59813
59856
59875
59893
59927
59930
59932
59964
60015
60033
60065
60066
60078
60093
60140
60146
60186
60193
60212
60227
60280
60325
60333
60337
60338
60346
60458
60529
60570
60645
60648
60652
60715
60759
60763
60767
60776
60781
60788
60790
60792
60803
60854
60856
60872
60889
60942
60947
60948
60956
60959
60981
60986
60990
60997
60998
61001
61033
61034
61045
61049
61056
61060
61062
61072
61074
61095
61111
61126
61150
61157
61158
61163
61169
61174
61202
61214
61227
61240
61257
61278
61281
61331
61360
61415
61451
61454
61456
61462
61463
61464
61465
61470
61474
61503
61515
61520
61523
61545
61546
61553
61558
61572
61574
61575
61579
61580
61584
61608
61614
61617
61618
61636
61648
61655
61666
61675
61679
61695
61711
61718
61746
61758
61760
61762
61766
61818
61819
61824
61831
61832
61854
61878
61879
61921
62016
62035
62067
62091
62109
62159
62215
62232
62235
62289
62301
62320
62328
62333
62354
62377
62381
62388
62426
62428
62446
62447
62480
62481
62487
62495
62502
62514
62523
62526
62534
62562
62599
62612
62683
62758
62762
62788
62809
62908
62927
62930
62934
62980
63013
63019
63025
63048
63049
63078
63204
63213
63235
63286
63299
63301
63305
63320
63335
63410
63427
63446
63512
63524
63545
63558
63613
63627
63652
63671
63686
63694
63721
63723
63748
63767
63799
63822
63826
63880
63883
63916
63952
63991
64023
64036
64048
64057
64085
64090
64101
64115
64120
64122
64139
64162
64165
64194
64204
64206
64211
64223
64230
64240
64244
64250
64256
64259
64260
64262
64265
64267
64278
64295
64320
64343
64352
64375
64417
64441
64445
64450
64458
64485
64487
64510
64529
64757
64783
64800
64823
64900
64905
64906
64967
65045
65140
65148
65161
65170
65181
65204
65211
65217
65232
65249
65255
65275
65303
65351
65380
65427
65495
65504
65545
65557
65665
65669
65670
65842
65906
65909
65916
65917
65918
65944
65957
65972
65986
65993
65999
66009
66014
66027
66028
66029
66035
66040
66043
66046
66052
66054
66106
66137
66182
66193
66197
66199
66200
66201
66204
66217
66230
66232
66234
66245
66252
66256
66257
66272
66282
66283
66287
66288
66296
66299
66304
66306
66311
66312
66315
66318
66328
66334
66344
66355
66358
66378
66382
66383
66405
66446
66464
66467
66471
66474
66484
66491
66508
66537
66545
66557
66561
66583
66590
66596
66616
66624
66625
66626
66631
66641
66642
66643
66652
66659
66672
66679
66707
66711
66729
66731
66732
66735
66747
66764
66767
66775
66794
66800
66805
66807
66808
66809
66810
66811
66817
66823
66828
66832
66835
66855
66858
66881
66883
66902
66914
66915
66919
66920
66921
66922
66928
66934
66937
66938
66953
66966
66971
66973
66975
66980
66981
66984
66985
66988
66990
66992
66993
66994
66995
66996
67006
67020
67035
67039
67048
67055
67079
67097
67102
67109
67160
67169
67207
67221
67228
67234
67243
67304
67367
67378
67428
67479
67484
67613
67632
67645
67685
67698
67718
67759
67760
67762
67774
67835
67848
67904
67906
67953
67990
67995
68186
68194
68279
68297
68301
68312
68331
68347
68419
68495
68496
68508
68509
68569
68573
68580
68587
68588
68593
68595
68622
68646
68658
68760
68763
68777
68783
68877
68880
68889
68947
68951
68960
68978
68982
68986
69026
69035
69036
69037
69050
69067
69071
69077
69115
69122
69126
69157
69186
69188
69191
69192
69198
69203
69204
69207
69209
69214
69262
69269
69272
69298
69302
69309
69314
69317
69320
69328
69329
69331
69352
69381
69386
69399
69429
69433
69444
69469
69477
69490
69491
69522
69569
69620
69669
69792
69796
69877
69879
69896
69901
69947
69950
69980
69985
69994
70000
70015
70025
70028
70069
70091
70126
70130
70170
70221
70250
70266
70267
70327
70384
70387
70450
70452
70453
70473
70519
70557
70626
70649
70681
70684
70689
70700
70704
70707
70712
70713
70718
70736
70795
70882
70888
70890
70899
70900
70903
70931
70946
70961
70966
70977
70995
71000
71015
71021
71030
71036
71056
71057
71088
71112
71118
71121
71135
71140
71166
71201
71205
71214
71217
71226
71235
71269
71271
71285
71298
71340
71344
71356
71357
71358
71402
71423
71424
71437
71440
71483
71501
71502
71503
71505
71506
71508
71512
71533
71548
71553
71554
71558
71559
71563
71564
71565
71567
71610
71620
71624
71633
71634
71648
71650
71658
71664
71667
71688
71714
71755
71769
71772
71785
71786
71791
71808
71820
71829
71841
71849
71874
71876
71934
71956
71970
72001
72037
72057
72078
72079
72088
72115
72123
72151
72153
72163
72171
72218
72225
72232
72235
72332
72341
72355
72370
72388
72389
72390
72392
72403
72422
72440
72468
72535
72555
72569
72572
72607
72646
72664
72695
72753
72755
72769
72795
72818
72825
72829
72833
72837
72927
72963
72970
72978
73049
73052
73064
73066
73071
73073
73074
73086
73087
73091
73104
73161
73244
73245
73249
73256
73257
73258
73259
73261
73280
73284
73286
73304
73309
73328
73329
73345
73350
73358
73360
73380
73386
73394
73425
73499
73504
73508
73533
73561
73585
73596
73598
73609
73615
73650
73653
73656
73663
73666
73679
73718
73735
73776
73805
73816
73821
73823
73827
73848
73859
73867
73893
73895
73898
73900
73981
74005
74023
74030
74045
74049
74056
74060
74061
74071
74072
74077
74079
74082
74085
74088
74093
74098
74103
74105
74113
74122
74125
74129
74143
74149
74166
74168
74175
74177
74183
74188
74197
74207
74216
74234
74258
74295
74315
74318
74381
74387
74406
74410
74412
74414
74466
74474
74483
74486
74513
74515
74519
74528
74529
74532
74574
74575
74576
74577
74578
74579
74581
74622
74656
74659
74666
74682
74689
74696
74700
74712
74716
74741
74763
74793
74810
74815
74817
74882
74888
74916
74969
74976
74988
74998
75011
75023
75073
75074
75075
75076
75077
75079
75103
75123
75155
75164
75185
75219
75257
75274
75283
75307
75319
75320
75328
75334
75337
75347
75352
75357
75405
75473
75486
75498
75522
75540
75557
75559
75564
75566
75573
75591
75592
75597
75625
75629
75631
75701
75707
75733
75763
75780
75826
75829
75832
75838
75842
75844
75845
75900
75914
75938
75949
75952
75979
75989
75992
76008
76016
76023
76027
76039
76044
76052
76100
76135
76149
76150
76152
76153
76179
76184
76197
76200
76207
76224
76242
76250
76258
76281
76283
76288
76292
76297
76299
76300
76303
76307
76308
76309
76310
76321
76330
76332
76333
76339
76340
76353
76355
76369
76377
76381
76436
76458
76460
76474
76519
76537
76595
76602
76632
76695
76726
76729
76732
76776
76812
76814
76819
76824
76830
76843
76889
76920
76982
77036
77077
77134
77174
77177
77180
77249
77341
77365
77379
77420
77437
77447
77453
77461
77462
77471
77531
77537
77633
77638
77639
77642
77647
77651
77652
77653
77656
77657
77659
77660
77661
77663
77684
77711
77720
77731
77741
77748
77764
77765
77783
77795
77811
77824
77829
77889
77907
77911
77946
77981
77996
77999
78015
78017
78031
78042
78061
78067
78075
78081
78082
78139
78143
78159
78160
78191
78206
78210
78214
78225
78242
78243
78284
78298
78299
78321
78353
78358
78365
78383
78388
78442
78445
78447
78466
78471
78496
78497
78499
78509
78528
78535
78538
78541
78545
78552
78560
78562
78565
78589
78592
78599
78604
78615
78617
78619
78621
78622
78626
78650
78660
78663
78673
78674
78676
78679
78692
78695
78703
78713
78716
78724
78758
78763
78769
78780
78799
78809
78821
78823
78846
78851
78856
78894
78933
78952
78956
78957
78973
78995
78999
79008
79012
79021
79065
79085
79087
79108
79110
79158
79160
79208
79221
79249
79251
79253
79312
79322
79350
79362
79367
79368
79388
79389
79390
79410
79441
79477
79482
79516
79522
79541
79546
79547
79565
79585
79587
79594
79597
79606
79617
79671
79672
79695
79728
79750
79770
79819
79833
79838
79840
79914
79951
80022
80033
80040
80043
80062
80081
80147
80221
80222
80233
80246
80275
80284
80297
80303
80309
80312
80326
80334
80341
80349
80356
80361
80423
80431
80436
80483
80490
80506
80519
80523
80526
80549
80552
80553
80559
80562
80618
80621
80636
80637
80653
80673
80677
80680
80681
80705
80722
80803
80869
80882
80889
80899
80919
80924
80931
80947
80952
80975
80985
81007
81014
81015
81017
81030
81036
81041
81042
81075
81076
81087
81088
81090
81092
81102
81105
81110
81112
81113
81119
81120
81125
81126
81128
81132
81135
81137
81144
81151
81154
81156
81159
81167
81207
81208
81228
81234
81260
81288
81292
81317
81319
81329
81364
81411
81425
81438
81439
81440
81498
81582
81584
81593
81641
81692
81704
81710
81738
81764
81769
81793
81795
81798
81807
81836
81844
81883
81901
81919
81921
81995
82056
82059
82065
82069
82104
82106
82144
82184
82191
82224
82249
82261
82263
82272
82273
82281
82293
82349
82378
82432
82438
82439
82448
82450
82451
82504
82509
82514
82524
82527
82539
82542
82561
82578
82585
82591
82675
82677
82704
82737
82742
82748
82752
82794
82797
82798
82799
82803
82805
82809
82820
82841
82863
82907
82919
82938
82950
83054
83064
83097
83105
83106
83115
83131
83164
83191
83210
83221
83231
83236
83244
83248
83253
83257
83258
83259
83262
83266
83271
83287
83288
83290
83319
83322
83326
83328
83340
83344
83349
83350
83351
83353
83357
83359
83360
83361
83363
83364
83367
83371
83376
83380
83383
83391
83399
83405
83412
83415
83416
83423
83424
83439
83440
83442
83448
83459
83515
83528
83535
83582
83602
83603
83626
83698
83718
83719
83720
83723
83724
83747
83752
83774
83779
83787
83791
83794
83798
83799
83815
83816
83818
83825
83828
83836
83840
83922
83946
83972
83993
84014
84078
84085
84093
84094
84095
84098
84110
84116
84176
84215
84224
84249
84265
84285
84294
84296
84300
84301
84307
84365
84371
84442
84445
84452
84456
84473
84481
84490
84509
84524
84530
84537
84546
84551
84567
84575
84580
84592
84609
84624
84642
84647
84671
84716
84725
84736
84741
84762
84773
84782
84830
84839
84874
84877
84897
84925
84984
85002
85013
85019
85051
85052
85063
85069
85081
85101
85105
85149
85156
85159
85177
85179
85187
85190
85196
85200
85201
85204
85209
85215
85220
85228
85229
85230
85232
85234
85241
85243
85247
85248
85252
85271
85281
85283
85289
85303
85314
85316
85321
85322
85323
85325
85327
85328
85329
85330
85343
85345
85357
85361
85371
85374
85385
85387
85389
85390
85425
85444
85515
85561
85563
85587
85589
85614
85619
85659
85693
85697
85758
85762
85763
85767
85790
85803
85819
85821
85832
85834
85849
85856
85872
85887
85891
85964
85967
86010
86018
86036
86045
86046
86076
86086
86132
86167
86172
86223
86227
86230
86253
86254
86268
86306
86341
86370
86385
86418
86428
86430
86437
86457
86523
86597
86608
86611
86612
86662
86665
86682
86699
86706
86710
86736
86737
86740
86772
86790
86813
86834
86860
86874
86895
86931
86988
86995
87004
87005
87021
87036
87039
87043
87073
87079
87094
87204
87210
87245
87246
87255
87261
87301
87303
87330
87356
87370
87385
87394
87402
87411
87416
87417
87435
87439
87452
87461
87477
87478
87479
87486
87487
87488
87504
87516
87523
87534
87541
87543
87545
87547
87549
87552
87553
87554
87555
87557
87558
87560
87561
87566
87571
87572
87575
87582
87584
87585
87588
87614
87621
87627
87666
87678
87692
87742
87769
87784
87785
87834
87874
87888
87923
87932
87935
87939
87952
87953
87955
87959
87961
87986
88046
88052
88122
88165
88187
88196
88246
88278
88282
88330
88331
88338
88339
88357
88358
88359
88363
88365
88384
88440
88474
88475
88482
88507
88556
88566
88572
88576
88578
88582
88650
88748
88749
88757
88759
88805
88837
88838
88848
88849
88852
88858
88879
88904
88949
88961
88994
88998
89011
89019
89022
89048
89051
89088
89112
89120
89121
89140
89144
89148
89150
89176
89177
89182
89191
89216
89239
89243
89264
89290
89291
89308
89324
89348
89361
89381
89390
89395
89421
89426
89436
89441
89468
89473
89478
89487
89502
89521
89529
89536
89545
89548
89554
89556
89558
89559
89560
89564
89569
89588
89591
89596
89599
89606
89607
89609
89622
89624
89625
89629
89631
89632
89633
89639
89640
89646
89649
89687
89701
89711
89730
89736
89755
89778
89800
89801
89802
89806
89815
89823
89859
89862
89871
89877
89884
89929
89930
89932
89933
89934
89942
89998
90011
90021
90051
90060
90064
90070
90094
90107
90114
90116
90117
90124
90141
90142
90162
90181
90190
90244
90245
90247
90248
90249
90282
90292
90319
90358
90375
90390
90416
90420
90427
90439
90449
90511
90516
90529
90546
90586
90592
90595
90597
90605
90606
90607
90610
90611
90632
90641
90668
90676
90686
90691
90693
90698
90702
90736
90742
90744
90746
90747
90754
90760
90806
90810
90812
90839
90860
90878
90880
90885
90897
90909
90933
90937
90986
90987
90990
90993
91002
91003
91004
91032
91038
91040
91043
91070
91097
91105
91173
91175
91176
91177
91186
91209
91210
91221
91227
91261
91263
91264
91269
91284
91307
91308
91315
91328
91344
91355
91358
91371
91373
91374
91382
91386
91400
91401
91422
91424
91426
91427
91437
91438
91444
91447
91450
91451
91457
91459
91463
91464
91469
91470
91473
91475
91476
91477
91478
91479
91490
91498
91523
91533
91538
91547
91549
91550
91554
91561
91563
91565
91566
91573
91574
91578
91579
91580
91581
91583
91586
91589
91590
91595
91597
91598
91601
91604
91614
91619
91641
91647
91648
91662
91685
91702
91724
91771
91774
91801
91810
91832
91840
91867
91874
91904
91957
91986
91989
91990
91991
92020
92023
92046
92063
92068
92073
92090
92097
92098
92109
92149
92174
92227
92250
92259
92286
92309
92317
92348
92368
92373
92392
92422
92423
92424
92425
92446
92449
92452
92480
92516
92555
92568
92580
92607
92614
92633
92639
92642
92704
92724
92785
92789
92799
92801
92802
92859
92868
92880
92892
92910
92923
92924
92986
92988
92995
93010
93033
93055
93070
93073
93097
93132
93162
93163
93182
93189
93192
93220
93255
93338
93340
93353
93354
93388
93399
93406
93432
93483
93487
93543
93549
93580
93582
93607
93614
93615
93618
93623
93626
93627
93628
93629
93651
93654
93655
93676
93677
93687
93690
93691
93704
93731
93747
93749
93752
93755
93756
93758
93760
93761
93762
93763
93764
93765
93767
93770
93773
93774
93775
93776
93782
93793
93798
93805
93806
93807
93819
93825
93830
93853
93868
93875
93884
93894
93895
93906
93911
93912
93916
93919
93980
93984
93998
94015
94025
94026
94028
94037
94070
94088
94089
94090
94092
94093
94132
94146
94152
94157
94174
94198
94209
94218
94237
94238
94241
94244
94295
94299
94310
94329
94337
94340
94366
94389
94397
94398
94401
94409
94410
94411
94412
94413
94466
94497
94505
94521
94534
94567
94580
94595
94607
94612
94630
94679
94693
94710
94759
94763
94773
94824
94838
94864
94885
94896
94921
95012
95025
95030
95043
95067
95098
95129
95140
95154
95158
95182
95212
95217
95292
95297
95336
95342
95344
95382
95384
95394
95395
95428
95456
95473
95489
95506
95510
95521
95524
95554
95555
95564
95565
95575
95576
95578
95579
95581
95584
95601
95605
95606
95607
95608
95635
95636
95651
95652
95655
95656
95659
95661
95664
95683
95684
95698
95702
95713
95719
95723
95727
95728
95729
95730
95731
95735
95737
95738
95744
95745
95793
95794
95823
95832
95853
95860
95862
95891
95899
96004
96030
96091
96099
96120
96134
96138
96229
96238
96266
96268
96289
96298
96305
96380
96419
96502
96513
96536
96555
96591
96631
96689
96694
96762
96767
96829
96839
96884
96912
96931
96950
96974
96979
96980
97000
97016
97055
97069
97098
97102
97103
97123
97126
97128
97144
97156
97211
97221
97234
97244
97246
97271
97272
97305
97309
97333
97336
97345
97349
97353
97356
97364
97370
97379
97387
97388
97395
97396
97408
97413
97414
97415
97426
97429
97434
97436
97437
97439
97440
97449
97450
97451
97452
97453
97457
97458
97476
97496
97498
97501
97502
97503
97504
97507
97511
97512
97513
97514
97516
97523
97527
97530
97551
97561
97571
97573
97580
97585
97620
97648
97653
97655
97659
97675
97692
97706
97721
97733
97755
97767
97815
97826
97831
97842
97846
97852
97884
97896
97921
97927
97930
97936
97974
97994
98007
98025
98032
98040
98057
98121
98142
98154
98178
98182
98208
98210
98211
98215
98217
98223
98225
98232
98237
98277
98386
98388
98391
98392
98395
98401
98456
98475
98508
98538
98597
98610
98619
98620
98623
98626
98676
98704
98710
98756
98880
98900
98906
98935
98943
98949
98955
98957
98975
98976
98983
98998
99006
99013
99022
99033
99046
99059
99138
99167
99195
99282
99290
99304
99357
99378
99416
99447
99450
99453
99455
99463
99476
99481
99488
99497
99524
99525
99541
99547
99553
99572
99575
99577
99614
99625
99627
99644
99672
99703
99719
99725
99747
99760
99785
99861
99873
99899
99939
99991
99992
100005
100036
100059
100060
100073
100074
100079
100083
100085
100107
100112
100135
100137
100142
100172
100188
100201
100203
100247
100286
100324
100333
100336
100377
100470
100482
100506
100522
100537
100542
100607
100608
100634
100650
100669
100697
100734
100735
100737
100756
100760
100774
100776
100802
100804
100811
100814
100819
100829
100851
100873
100941
100949
100950
100953
100954
100976
100979
101006
101008
101012
101015
101016
101035
101041
101045
101084
101108
101131
101134
101139
101161
101193
101202
101286
101288
101314
101322
101385
101387
101432
101438
101475
101510
101536
101549
101555
101569
101573
101581
101607
101679
101700
101724
101741
101748
101752
101772
101776
101829
101866
101928
101931
101934
101937
101942
101948
101951
101952
101955
101957
101986
101991
102004
102007
102011
102012
102031
102048
102049
102054
102055
102058
102063
102072
102075
102076
102114
102121
102128
102135
102136
102149
102195
102196
102201
102256
102286
102293
102302
102312
102325
102343
102350
102382
102389
102391
102393
102395
102396
102398
102399
102401
102424
102441
102457
102460
102473
102480
102481
102483
102486
102490
102500
102503
102504
102517
102540
102546
102548
102555
102564
102571
102586
102739
102747
102790
102831
102832
102834
102837
102838
102840
102841
102842
102844
102872
102873
102892
102899
102977
102996
103012
103016
103020
103036
103042
103072
103148
103170
103171
103172
103174
103175
103176
103226
103229
103234
103239
103313
103326
103357
103362
103439
103448
103460
103490
103501
103540
103583
103595
103609
103618
103658
103659
103660
103688
103702
103712
103758
103767
103791
103852
103861
103866
103880
103882
103885
103917
103934
104039
104081
104087
104178
104202
104209
104243
104267
104269
104273
104282
104298
104338
104340
104346
104349
104353
104356
104357
104360
104375
104393
104397
104404
104406
104407
104413
104421
104427
104428
104430
104467
104540
104547
104565
104576
104605
104639
104643
104661
104663
104670
104715
104723
104725
104734
104742
104743
104748
104759
104762
104768
104773
104775
104804
104812
104824
104830
104838
104844
104854
104863
104867
104896
104905
104940
104950
104951
104970
104983
104991
105011
105020
105085
105088
105099
105104
105107
105111
105136
105146
105152
105154
105163
105164
105171
105172
105184
105185
105188
105196
105197
105204
105206
105215
105263
105267
105282
105288
105290
105308
105326
105327
105330
105339
105343
105463
105474
105475
105478
105485
105488
105525
105527
105545
105558
105568
105575
105576
105594
105595
105600
105621
105637
105658
105659
105661
105662
105664
105710
105742
105811
105841
105845
105850
105879
105881
105898
105912
105961
105965
105982
105992
106014
106050
106054
106066
106088
106163
106166
106219
106240
106267
106316
106362
106367
106373
106385
106386
106391
106392
106397
106401
106454
106459
106460
106461
106466
106471
106473
106478
106489
106490
106492
106493
106494
106495
106500
106504
106506
106515
106522
106524
106525
106530
106549
106557
106566
106573
106578
106642
106664
106677
106722
106778
106783
106796
106828
106835
106844
106846
106848
106849
106850
106851
106856
106871
106881
106884
106885
106889
106907
106916
106926
106938
106942
107026
107038
107122
107127
107145
107151
107154
107164
107193
107286
107293
107299
107309
107335
107357
107366
107424
107426
107477
107484
107494
107498
107508
107513
107540
107559
107566
107590
107602
107612
107615
107644
107655
107685
107693
107717
107738
107755
107786
107818
107823
107837
107858
107882
107897
107899
107900
107904
107926
107947
107977
107979
107991
108025
108032
108048
108066
108094
108098
108180
108191
108247
108252
108276
108281
108314
108380
108419
108421
108444
108504
108515
108522
108529
108532
108537
108541
108545
108549
108554
108558
108565
108621
108628
108634
108637
108690
108734
108759
108837
108841
108878
108885
108918
108924
108942
108958
108959
108968
108971
108977
108980
108984
108986
108992
108995
108997
109002
109009
109066
109078
109086
109105
109117
109120
109173
109200
109277
109282
109303
109325
109339
109348
109357
109370
109386
109444
109467
109471
109476
109515
109525
109536
109543
109605
109683
109695
109696
109701
109729
109740
109745
109757
109802
109816
109818
109819
109845
109849
109853
109863
109872
109905
109917
109918
109954
109966
110000
110006
110013
110063
110070
110113
110159
110167
110232
110240
110254
110272
110287
110301
110329
110351
110360
110383
110409
110426
110433
110471
110490
110506
110509
110649
110674
110693
110709
110715
110724
110740
110767
110836
110849
110899
110928
110939
110958
110973
110979
111012
111014
111025
111033
111039
111044
111062
111067
111078
111087
111202
111203
111205
111216
111278
111325
111429
111436
111442
111460
111467
111473
111476
111480
111484
111598
111599
111615
111674
111722
111757
111850
111851
111859
111863
111877
111881
111882
111893
111894
111899
111903
111905
111908
111911
111925
111967
111991
111996
111999
112000
112005
112039
112046
112055
112092
112108
112135
112152
112191
112241
112243
112260
112265
112282
112304
112325
112337
112365
112368
112386
112405
112408
112418
112516
112543
112566
112626
112631
112647
112649
112651
112653
112656
112661
112663
112665
112666
112668
112675
112677
112680
112681
112688
112713
112729
112744
112760
112764
112765
112771
112772
112773
112777
112778
112783
112788
112793
112794
112795
112797
112805
112820
112825
112834
112841
112847
112880
112893
112896
112902
112906
112920
112928
112936
112944
112949
112966
112972
112974
112975
112985
112989
112993
112994
112996
113005
113022
113027
113034
113042
113048
113077
113084
113100
113103
113126
113128
113134
113139
113149
113151
113211
113217
113235
113242
113251
113256
113320
113378
113380
113382
113410
113415
113423
113451
113457
113464
113465
113497
113507
113519
113520
113560
113561
113586
113590
113599
113624
113645
113766
113796
113799
113825
113850
113867
113871
113879
113897
113925
113926
113947
113983
114001
114006
114008
114010
114037
114094
114145
114191
114195
114294
114302
114339
114341
114351
114371
114397
114414
114422
114454
114457
114460
114481
114487
114490
114495
114502
114566
114612
114619
114675
114696
114709
114779
114802
114822
114824
114829
114832
114836
114845
114851
114883
114922
114961
115020
115052
115086
115149
115187
115207
115214
115236
115237
115261
115265
115272
115285
115290
115300
115318
115393
115398
115400
115401
115424
115435
115449
115475
115501
115502
115528
115554
115557
115582
115617
115631
115667
115700
115729
115730
115744
115790
115792
115809
115813
115828
115854
115876
115882
115883
115886
115934
115951
115953
115962
115963
115988
116073
116091
116093
116174
116214
116249
116305
116319
116322
116328
116329
116331
116338
116341
116354
116361
116363
116373
116387
116388
116411
116412
116416
116436
116444
116446
116461
116464
116488
116507
116545
116546
116560
116640
116651
116667
116668
116676
116678
116681
116702
116703
116718
116757
116767
116773
116842
116862
116876
116879
116931
116938
116977
117075
117095
117150
117194
117282
117298
117346
117397
117415
117452
117464
117475
117482
117491
117686
117838
117874
117914
117947
118000
118009
118010
118050
118056
118082
118092
118116
118119
118211
118230
118231
118235
118270
118271
118304
118313
118314
118353
118368
118383
118394
118420
118423
118441
118495
118523
118537
118543
118544
118547
118551
118575
118581
118629
118638
118645
118662
118664
118687
118690
118702
118705
118707
118722
118736
118773
118794
118805
118807
118810
118812
118821
118833
118838
118847
118852
118867
118890
118909
118920
118947
118977
119003
119019
119045
119065
119067
119117
119124
119175
119187
119196
119207
119216
119234
119239
119241
119255
119261
119267
119280
119288
119330
119342
119343
119345
119402
119490
119524
119527
119536
119548
119611
119615
119626
119642
119644
119657
119658
119699
119714
119731
119740
119745
119749
119763
119766
119767
119770
119777
119781
119782
119785
119786
119787
119790
119791
119792
119801
119806
119828
119829
119850
119855
119910
119923
119928
119929
119933
119935
119937
119942
119948
119958
119968
119970
120005
120010
120011
120012
120013
120014
120015
120023
120024
120027
120028
120029
120032
120040
120069
120070
120091
120096
120098
120115
120123
120144
120160
120165
120166
120170
120173
120174
120179
120182
120200
120202
120226
120230
120241
120300
120324
120338
120342
120450
120466
120489
120495
120501
120517
120554
120578
120623
120665
120673
120715
120721
120731
120778
120780
120814
120833
120863
120871
120876
120885
120890
120924
120956
121013
121114
121117
121120
121192
121233
121236
121248
121265
121273
121319
121323
121327
121329
121366
121370
121374
121386
121443
121468
121494
121544
121582
121598
121617
121639
121640
121646
121651
121653
121657
121665
121708
121722
121738
121747
121824
121844
121856
121872
121890
121899
121913
121919
121925
121959
121968
121972
121979
121999
122000
122017
122023
122025
122029
122037
122044
122145
122162
122166
122170
122171
122181
122197
122207
122213
122243
122272
122285
122316
122342
122374
122394
122412
122418
122429
122452
122485
122595
122596
122620
122636
122650
122674
122676
122692
122714
122715
122718
122722
122723
122800
122858
122870
122878
122885
122959
122989
122998
123005
123007
123008
123022
123030
123042
123046
123076
123079
123080
123135
123159
123162
123167
123170
123180
123202
123215
123229
123240
123256
123261
123311
123327
123329
123344
123347
123356
123390
123397
123401
123403
123453
123454
123470
123480
123501
123510
123520
123543
123557
123558
123573
123584
123600
123652
123668
123683
123687
123694
123725
123735
123738
123760
123790
123802
123859
123893
123894
123983
123995
123997
124000
124002
124003
124009
124034
124083
124185
124203
124235
124273
124393
124408
124437
124477
124489
124501
124509
124525
124540
124679
124718
124764
124807
124817
124819
124826
124846
124869
124875
124879
124883
124894
124912
124921
124925
124933
124936
124937
124943
124948
124950
124951
124955
124965
124992
125007
125018
125028
125032
125034
125035
125047
125052
125069
125090
125095
125102
125128
125142
125143
125145
125165
125177
125184
125187
125219
125224
125225
125231
125243
125274
125286
125292
125302
125308
125311
125315
125317
125318
125329
125333
125375
125383
125422
125425
125431
125455
125460
125465
125499
125504
125535
125577
125599
125610
125630
125643
125662
125694
125696
125701
125702
125709
125783
125787
125865
125895
125932
125950
126030
126114
126128
126130
126138
126159
126248
126308
126312
126333
126391
126408
126419
126427
126449
126450
126478
126560
126565
126567
126568
126586
126598
126606
126675
126690
126694
126715
126740
126747
126752
126767
126768
126799
126807
126887
126889
126935
126951
126952
127001
127008
127023
127040
127046
127073
127089
127109
127171
127174
127204
127236
127249
127261
127296
127305
127325
127346
127373
127376
127422
127523
127549
127564
127587
127592
127596
127608
127609
127616
127625
127632
127660
127711
127784
127804
127815
127821
127856
127910
127915
127923
127929
127935
127979
127982
128002
128007
128011
128029
128037
128067
128085
128098
128129
128130
128202
128217
128241
128280
128283
128285
128301
128302
128319
128368
128380
128393
128422
128423
128494
128502
128510
128518
128533
128575
128578
128582
128597
128599
128600
128615
128629
128630
128746
128748
128772
128782
128792
128801
128821
128839
128869
128871
128873
128875
128876
128890
128901
128921
128990
129000
129022
129046
129274
129294
129301
129308
129394
129486
129559
129592
129640
129651
129674
129675
129687
129693
129695
129731
129745
129757
129765
129770
129788
129793
129795
129796
129802
129817
129838
129848
129851
129867
129875
129893
129945
129950
129953
130026
130032
130041
130054
130076
130100
130117
130118
130129
130142
130153
130213
130229
130232
130286
130313
130320
130336
130413
130454
130461
130462
130489
130498
130558
130562
130574
130711
130739
130776
130866
130883
130898
130915
130959
130985
131037
131089
131175
131183
131189
131203
131213
131242
131255
131269
131426
131444
131476
131505
131630
131635
131659
131704
131740
131767
131784
131834
131852
131856
131878
131879
131890
131898
131904
131913
131924
131967
131986
132018
132020
132022
132051
132075
132086
132133
132155
132158
132182
132197
132200
132231
132249
132275
132281
132309
132396
132406
132428
132440
132450
132484
132492
132500
132502
132510
132512
132514
132521
132527
132539
132555
132615
132617
132675
132678
132692
132702
132715
132737
132760
132766
132789
132805
132810
132822
132829
132854
132858
132870
132872
132888
132891
132903
132908
132921
132923
132941
132960
132967
132969
132977
133005
133009
133029
133055
133059
133062
133181
133200
133231
133235
133257
133284
133286
133289
133308
133435
133471
133529
133593
133640
133726
133768
133888
133901
133909
133949
133991
134101
134120
134133
134151
134173
134188
134209
134239
134255
134256
134257
134263
134273
134277
134325
134330
134331
134337
134507
134521
134527
134620
134666
134719
134758
134763
134779
134794
134797
134813
134814
134867
134903
134917
134928
134941
134964
135007
135032
135034
135049
135061
135092
135111
135186
135222
135229
135236
135245
135291
135304
135314
135402
135420
135511
135592
135599
135610
135627
135634
135649
135650
135657
135677
135679
135701
135704
135719
135727
135734
135744
135753
135777
135785
135807
135808
135818
135819
135826
135830
135838
135851
135852
135895
135923
135927
135928
135936
135939
135949
135954
135989
136026
136045
136061
136065
136066
136077
136078
136088
136095
136096
136102
136109
136120
136147
136154
136165
136180
136185
136189
136200
136202
136218
136236
136264
136281
136283
136287
136296
136300
136329
136372
136378
136396
136407
136414
136422
136425
136434
136450
136480
136515
136526
136541
136553
136566
136569
136601
136621
136645
136703
136792
136820
136869
136876
136891
136901
136910
136945
136967
136983
137061
137063
137112
137141
137160
137199
137210
137228
137233
137252
137255
137257
137274
137283
137299
137332
137333
137339
137348
137366
137368
137373
137374
137382
137392
137396
137404
137443
137468
137479
137494
137509
137518
137521
137586
137590
137594
137602
137639
137664
137705
137715
137724
137751
137834
137839
137923
137951
137969
138007
138022
138039
138065
138072
138082
138084
138111
138123
138153
138199
138205
138231
138240
138265
138275
138294
138295
138302
138318
138419
138492
138495
138511
138538
138557
138561
138626
138627
138640
138642
138644
138656
138679
138682
138693
138695
138707
138723
138726
138752
138757
138758
138777
138801
138833
138836
138849
138856
138868
138879
138903
138912
138928
138932
138955
138999
139004
139010
139013
139052
139066
139067
139102
139110
139158
139168
139174
139175
139180
139183
139194
139217
139229
139262
139341
139347
139357
139393
139477
139478
139491
139506
139555
139587
139589
139631
139680
139758
139767
139773
139775
139777
139788
139789
139814
139827
139842
139861
139881
139887
139911
139916
139950
139953
139978
139986
140061
140063
140072
140108
140197
140220
140222
140259
140261
140267
140303
140306
140312
140315
140357
140386
140391
140397
140411
140440
140458
140497
140522
140538
140545
140557
140565
140596
140599
140683
140703
140734
140747
140765
140769
140791
140833
140884
140887
140955
140978
140989
141012
141028
141046
141056
141063
141065
141068
141076
141089
141108
141156
141189
141191
141193
141230
141242
141258
141260
141261
141278
141311
141313
141353
141356
141383
141416
141422
141462
141465
141469
141485
141543
141552
141556
141636
141721
141780
141835
141848
141873
141904
141921
141960
142007
142075
142079
142088
142145
142152
142154
142161
142166
142173
142177
142183
142220
142224
142234
142237
142262
142344
142345
142360
142387
142461
142466
142538
142552
142554
142582
142628
142643
142682
142686
142690
142692
142725
142727
142728
142729
142733
142734
142735
142748
142749
142761
142770
142808
142814
142833
142845
142866
142880
142971
142972
142981
143006
143025
143032
143039
143048
143090
143091
143106
143115
143116
143127
143251
143274
143290
143292
143302
143303
143305
143315
143316
143319
143344
143355
143374
143381
143386
143390
143398
143399
143412
143420
143457
143485
143492
143493
143513
143514
143515
143516
143528
143530
143535
143547
143552
143557
143561
143566
143580
143590
143633
143635
143647
143664
143666
143667
143668
143675
143678
143680
143685
143698
143703
143706
143712
143714
143726
143736
143745
143751
143779
143784
143785
143831
143834
143871
143873
143893
143904
143952
143959
143964
143967
143968
143974
143981
144056
144094
144182
144188
144192
144207
144252
144277
144314
144356
144383
144410
144414
144420
144427
144457
144465
144466
144484
144489
144494
144498
144502
144507
144514
144533
144535
144561
144567
144568
144574
144577
144586
144596
144602
144619
144636
144671
144685
144688
144702
144708
144710
144718
144725
144782
144823
144868
144886
144961
144965
144971
145018
145024
145046
145096
145104
145110
145119
145189
145233
145241
145253
145342
145421
145428
145489
145495
145497
145504
145506
145550
145569
145578
145582
145601
145610
145624
145663
145669
145671
145688
145693
145694
145695
145702
145758
145773
145781
145786
145801
145806
145823
145874
145878
145888
145901
145902
145963
145989
145991
146004
146009
146019
146027
146035
146077
146095
146138
146181
146184
146186
146187
146213
146267
146269
146273
146292
146316
146342
146415
146476
146480
146503
146573
146592
146629
146631
146635
146637
146640
146645
146657
146670
146672
146739
146743
146809
146816
146823
146825
146831
146869
146886
146901
146902
146909
146917
146922
146937
146945
146950
146951
146952
146957
146965
146980
146984
147015
147045
147048
147066
147072
147102
147106
147126
147164
147184
147193
147197
147214
147218
147231
147234
147238
147258
147288
147290
147310
147350
147354
147366
147375
147382
147387
147393
147445
147471
147492
147497
147498
147511
147537
147579
147589
147706
147714
147721
147849
147879
147891
147905
147956
147965
147975
148090
148174
148177
148184
148238
148244
148256
148270
148279
148298
148332
148434
148436
148466
148478
148488
148499
148503
148509
148548
148587
148589
148607
148620
148632
148657
148703
148731
148734
148764
148765
148802
148825
148832
148837
148865
148908
148914
148919
148982
149025
149076
149088
149097
149112
149221
149223
149227
149235
149264
149277
149302
149305
149308
149334
149336
149343
149347
149350
149354
149366
149367
149387
149388
149400
149405
149442
149447
149466
149471
149482
149490
149499
149526
149529
149572
149595
149601
149607
149615
149622
149665
149689
149712
149713
149729
149815
149904
149917
150056
150070
150104
150117
150190
150290
150295
150333
150344
150346
150364
150365
150379
150383
150400
150405
150419
150452
150462
150464
150481
150487
150494
150515
150522
150534
150544
150547
150567
150586
150596
150617
150628
150630
150641
150643
150657
150663
150670
150692
150703
150727
150743
150768
150797
150807
150809
150831
150852
150871
150872
150873
150876
150877
150884
150912
150952
150954
150960
150967
151030
151050
151093
151117
151161
151180
151253
151350
151364
151413
151446
151452
151464
151476
151483
151521
151523
151527
151533
151558
151566
151572
151575
151594
151604
151607
151618
151637
151660
151666
151693
151700
151709
151741
151743
151752
151766
151805
151808
151812
151830
151847
151854
151858
151886
151917
151919
151922
151927
151945
151951
151961
152025
152072
152094
152122
152142
152192
152195
152198
152203
152278
152304
152331
152374
152395
152420
152429
152434
152438
152463
152466
152468
152472
152538
152546
152551
152555
152556
152568
152574
152615
152617
152653
152660
152682
152690
152695
152698
152711
152718
152756
152766
152872
152880
152903
152933
152935
152957
153036
153043
153049
153056
153067
153073
153113
153124
153128
153129
153211
153265
153372
153377
153427
153527
153674
153720
153738
153741
153761
153774
153777
153796
153797
153812
153873
153903
153941
153964
153968
154004
154018
154051
154072
154133
154173
154195
154199
154237
154251
154270
154283
154288
154294
154306
154326
154333
154401
154402
154418
154423
154449
154455
154475
154483
154488
154512
154531
154617
154662
154676
154726
154733
154784
154836
154857
154867
154869
154877
154880
154913
154923
154925
154946
154949
154952
154967
154968
154976
154994
155012
155019
155022
155068
155072
155077
155100
155114
155116
155119
155126
155127
155152
155155
155174
155177
155181
155186
155206
155212
155222
155225
155230
155235
155236
155241
155243
155253
155266
155269
155277
155354
155436
155439
155442
155445
155458
155464
155501
155535
155592
155628
155639
155673
155701
155733
155751
155888
155893
155894
155923
155957
155962
155964
155965
155968
155971
155985
155987
155991
155994
156028
156040
156173
156188
156205
156256
156289
156309
156352
156367
156379
156382
156386
156439
156442
156443
156454
156511
156520
156546
156548
156587
156596
156633
156634
156641
156642
156648
156717
156734
156750
156781
156792
156802
156809
156812
156814
156817
156820
156836
156837
156853
156854
156861
156872
156880
156890
156920
156922
156926
156960
156965
156987
156989
156997
156999
157015
157023
157027
157063
157072
157085
157097
157099
157145
157171
157172
157199
157200
157201
157210
157225
157250
157277
157285
157288
157367
157414
157420
157536
157560
157660
157705
157717
157776
157789
157796
157800
157801
157807
157813
157839
157845
157855
157859
157895
157896
157903
157948
157957
157961
157976
157986
157991
157996
158012
158019
158034
158042
158045
158097
158103
158107
158112
158113
158138
158148
158149
158161
158165
158238
158273
158290
158302
158306
158329
158403
158416
158445
158447
158549
158783
158806
158859
158978
158986
159001
159052
159053
159080
159153
159170
159176
159183
159187
159271
159286
159310
159311
159375
159380
159416
159435
159486
159496
159499
159518
159519
159534
159586
159602
159754
159803
159812
159815
159827
159831
159848
159900
159919
159930
159969
159975
159988
160008
160070
160118
160173
160324
160357
160359
160360
160380
160389
160397
160411
160418
160444
160445
160448
160453
160454
160465
160511
160530
160543
160551
160552
160557
160588
160597
160600
160602
160613
160625
160627
160636
160639
160642
160645
160652
160653
160687
160692
160694
160698
160702
160715
160724
160735
160741
160746
160753
160786
160822
160826
160838
160854
160860
160891
160914
160922
160982
160998
161005
161083
161098
161127
161186
161197
161214
161227
161228
161230
161235
161242
161262
161268
161290
161302
161326
161339
161344
161352
161367
161372
161375
161377
161399
161401
161403
161404
161405
161413
161414
161419
161425
161430
161443
161462
161468
161470
161493
161498
161506
161510
161517
161519
161522
161542
161551
161571
161595
161620
161661
161671
161715
161718
161727
161767
161865
161874
161930
161993
162012
162051
162077
162091
162100
162113
162123
162125
162161
162180
162190
162200
162217
162228
162246
162270
162292
162298
162303
162329
162331
162342
162345
162347
162366
162369
162385
162411
162415
162433
162439
162444
162471
162476
162479
162482
162498
162537
162548
162567
162568
162569
162584
162614
162652
162691
162851
162894
162895
162902
162912
162915
163042
163056
163066
163107
163108
163123
163145
163154
163159
163191
163204
163209
163213
163216
163220
163237
163273
163289
163293
163300
163311
163320
163323
163331
163333
163349
163351
163373
163381
163387
163393
163403
163410
163439
163443
163444
163447
163467
163468
163479
163487
163489
163493
163495
163508
163510
163534
163551
163562
163566
163608
163625
163633
163645
163646
163659
163703
163709
163755
163793
163803
163829
163878
163887
163950
164024
164055
164091
164097
164101
164102
164126
164132
164133
164142
164153
164183
164192
164194
164196
164199
164207
164274
164304
164307
164356
164357
164358
164364
164368
164405
164425
164457
164458
164531
164542
164543
164607
164611
164614
164618
164709
164747
164763
164787
164847
164976
164988
164993
165066
165069
165078
165081
165115
165147
165148
165150
165164
165204
165242
165245
165264
165281
165295
165335
165357
165399
165403
165409
165413
165420
165429
165467
165473
165487
165495
165496
165500
165502
165511
165564
165575
165584
165697
165706
165737
165746
165866
165888
165893
165895
165896
165898
165903
165915
165924
165955
165956
165980
165993
166002
166007
166008
166020
166037
166038
166039
166047
166058
166066
166067
166075
166085
166097
166101
166108
166109
166117
166132
166133
166141
166159
166164
166170
166174
166179
166199
166202
166206
166261
166286
166302
166316
166318
166389
166396
166406
166407
166463
166569
166695
166702
166706
166730
166810
166837
166859
166860
166881
166918
166920
166944
166975
166980
166985
166988
167001
167003
167024
167028
167032
167101
167112
167134
167154
167171
167190
167191
167211
167228
167271
167285
167295
167310
167351
167366
167382
167383
167388
167396
167424
167441
167443
167485
167492
167497
167499
167506
167573
167590
167606
167657
167663
167670
167702
167710
167715
167756
167821
167920
167923
168029
168045
168063
168065
168080
168101
168130
168144
168149
168161
168176
168186
168193
168197
168200
168226
168268
168295
168304
168307
168310
168320
168339
168353
168370
168393
168417
168428
168433
168442
168452
168455
168458
168469
168486
168502
168522
168545
168589
168598
168656
168682
168713
168856
168889
168958
169065
169178
169188
169196
169344
169438
169449
169459
169486
169508
169522
169534
169537
169541
169568
169574
169599
169634
169680
169686
169703
169707
169758
169806
169825
169854
169861
169867
169885
169906
169973
169994
170001
170025
170040
170051
170110
170115
170130
170148
170199
170237
170248
170250
170275
170319
170323
170331
170438
170452
170465
170477
170478
170480
170486
170490
170501
170504
170514
170523
170527
170540
170595
170597
170598
170599
170601
170614
170621
170622
170623
170645
170685
170697
170719
170721
170727
170738
170742
170749
170750
170751
170776
170797
170819
170850
170858
170867
170940
170949
170950
170951
170969
171029
171063
171064
171065
171165
171196
171214
171480
171531
171554
171590
171593
171594
171598
171721
171745
171784
171789
171806
171814
171880
171902
171943
171969
171970
172008
172014
172029
172031
172086
172103
172104
172157
172168
172172
172215
172218
172229
172237
172311
172312
172338
172351
172356
172361
172364
172379
172381
172384
172393
172397
172398
172409
172421
172445
172494
172496
172519
172522
172532
172539
172541
172548
172551
172562
172575
172594
172597
172610
172619
172622
172656
172667
172729
172738
172817
172949
172978
172980
172999
173013
173023
173033
173051
173053
173054
173087
173104
173116
173122
173136
173149
173163
173167
173189
173203
173217
173227
173234
173238
173280
173293
173311
173312
173313
173319
173361
173387
173393
173407
173498
173516
173599
173613
173709
173725
173731
173763
173770
173779
173785
173796
173808
173816
173822
173831
173848
173890
173913
173936
173941
173942
173952
173961
173962
173974
173995
173998
174010
174012
174024
174025
174030
174035
174036
174037
174038
174039
174057
174071
174093
174105
174107
174127
174131
174136
174142
174144
174151
174157
174164
174166
174169
174173
174174
174188
174212
174236
174270
174279
174294
174306
174311
174347
174438
174523
174566
174585
174643
174696
174708
174732
174733
174748
174757
174770
174793
174796
174798
174809
174833
174852
174857
174865
174881
174925
174976
175033
175088
175108
175142
175156
175171
175181
175184
175185
175195
175202
175204
175228
175232
175234
175240
175269
175273
175278
175285
175291
175326
175327
175330
175334
175336
175341
175354
175356
175392
175402
175419
175420
175478
175485
175510
175522
175611
175717
175721
175811
175862
175901
175912
175916
175933
175936
175938
175950
175955
175963
175981
176025
176040
176043
176075
176078
176098
176110
176119
176134
176135
176136
176139
176154
176155
176157
176168
176188
176198
176217
176223
176228
176231
176238
176246
176262
176292
176307
176321
176373
176384
176425
176448
176486
176568
176634
176685
176704
176734
176737
176740
176755
176768
176777
176789
176810
176812
176830
176831
176856
176874
176891
176899
176911
176923
176936
176938
176949
176955
176967
176972
176987
176992
176993
177004
177011
177042
177054
177057
177060
177071
177091
177110
177228
177316
177355
177362
177423
177478
177485
177498
177512
177518
177519
177529
177534
177555
177561
177593
177614
177617
177629
177653
177686
177700
177732
177734
177758
177788
177797
177798
177819
177822
177830
177841
177844
177851
177854
177880
177881
177905
177908
177920
177927
177929
177942
177943
177945
177952
177964
177967
177970
177975
177976
178020
178021
178034
178035
178044
178078
178085
178224
178394
178426
178459
178483
178501
178515
178534
178542
178547
178553
178583
178593
178602
178619
178629
178636
178649
178657
178665
178683
178684
178797
178801
178857
178967
179069
179077
179106
179112
179115
179126
179154
179174
179193
179219
179229
179235
179250
179262
179270
179271
179293
179299
179314
179316
179322
179325
179326
179328
179332
179335
179344
179355
179361
179363
179377
179384
179414
179448
179451
179457
179463
179474
179518
179572
179575
179639
179643
179653
179658
179681
179705
179706
179716
179729
179768
179771
179798
179812
179818
179819
179820
179821
179828
179832
179839
179851
179857
179859
179873
179879
179881
179882
179895
179896
179951
179959
180007
180018
180089
180189
180213
180217
180338
180344
180361
180371
180409
180422
180432
180449
180450
180478
180487
180530
180541
180545
180594
180597
180598
180604
180607
180611
180613
180658
180676
180680
180691
180694
180739
180742
180743
180749
180752
180756
180758
180782
180790
180796
180805
180807
180815
180828
180833
180840
181012
181027
181055
181060
181067
181152
181155
181210
181211
181306
181343
181352
181363
181544
181566
181581
181595
181612
181622
181628
181684
181698
181710
181711
181722
181743
181756
181768
181786
181809
181816
181820
181831
181860
181871
181962
181983
182076
182086
182118
182121
182155
182219
182240
182342
182362
182371
182376
182424
182425
182444
182485
182519
182532
182585
182609
182631
182650
182730
182756
182762
182833
182836
182858
182879
182885
182911
182918
182926
182951
183002
183019
183024
183044
183049
183055
183060
183069
183076
183078
183103
183110
183126
183137
183152
183161
183175
183180
183181
183211
183219
183220
183221
183225
183229
183242
183255
183264
183270
183278
183298
183304
183305
183313
183315
183316
183333
183344
183356
183358
183381
183388
183389
183399
183414
183417
183425
183426
183427
183435
183448
183468
183470
183476
183484
183486
183502
183508
183515
183518
183547
183550
183606
183637
183812
183837
183845
183910
183936
183961
183969
183984
183987
184017
184028
184036
184046
184051
184058
184060
184065
184068
184070
184071
184084
184086
184088
184101
184104
184109
184110
184114
184125
184133
184142
184147
184154
184155
184156
184161
184164
184171
184172
184183
184185
184187
184203
184304
184443
184532
184540
184587
184606
184613
184614
184635
184637
184649
184654
184661
184665
184672
184675
184686
184689
184697
184725
184733
184736
184743
184749
184755
184775
184778
184780
184782
184785
184788
184796
184797
184798
184805
184806
184819
184842
184872
184978
185046
185062
185087
185122
185124
185126
185141
185157
185158
185167
185188
185193
185213
185224
185234
185236
185237
185241
185245
185252
185280
185283
185285
185286
185294
185297
185307
185311
185318
185319
185323
185327
185333
185361
185373
185392
185409
185412
185443
185464
185482
185514
185565
185585
185598
185670
185707
185736
185750
185786
185795
185798
185800
185810
185825
185828
185853
185857
185864
185865
185868
185876
185879
185884
185885
185911
185914
185918
185920
185924
185932
185933
185936
185937
185971
186013
186139
186142
186220
186252
186262
186273
186274
186280
186289
186306
186316
186318
186321
186331
186333
186335
186338
186341
186350
186354
186356
186379
186395
186410
186412
186415
186445
186448
186459
186484
186501
186502
186504
186512
186528
186532
186577
186631
186642
186715
186768
186776
186782
186807
186828
186837
186841
186843
186858
186866
186868
186874
186877
186880
186883
186894
186899
186901
186911
186912
186913
186922
186936
186939
186948
186957
186968
186970
186972
186974
186975
186984
186985
186986
186988
186989
186993
186998
187000
187007
187015
187017
187018
187020
187023
187046
187049
187050
187051
187053
187055
187056
187059
187062
187065
187148
187214
187248
187256
187345
187382
187389
187399
187419
187451
187460
187463
187465
187479
187483
187484
187492
187498
187513
187518
187519
187524
187529
187531
187535
187536
187537
187567
187572
187573
187583
187588
187589
187590
187632
187675
187821
187822
187836
187864
187894
187901
187929
187953
187981
187992
187993
187998
188008
188013
188018
188019
188021
188022
188024
188027
188030
188033
188036
188038
188039
188054
188056
188059
188064
188070
188081
188085
188087
188090
188091
188093
188098
188304
188403
188413
188446
188453
188454
188490
188492
188507
188584
188600
188656
188660
188748
188932
188939
188970
188972
188982
188995
189005
189032
189046
189052
189057
189062
189095
189106
189108
189138
189150
189176
189225
189233
189239
189263
189273
189276
189287
189295
189305
189379
189398
189407
189408
189417
189425
189442
189462
189463
189470
189502
189504
189516
189517
189521
189536
189544
189546
189551
189553
189554
189555
189556
189562
189564
189586
189588
189590
189596
189603
189619
189624
189628
189632
189649
189655
189656
189664
189665
189668
189670
189671
189672
189674
189680
189687
189702
189704
189705
189709
189713
189717
189724
189732
189737
189740
189741
189742
189746
189747
189751
189752
189791
189804
189852
189887
189919
189989
190002
190079
190120
190123
190137
190143
190145
190149
190151
190170
190171
190177
190189
190208
190227
190238
190244
190255
190260
190261
190265
190272
190273
190285
190286
190290
190321
190335
190363
190370
190374
190398
190412
190427
190465
190468
190470
190522
190525
190615
190703
190710
190722
190728
190755
190772
190773
190774
190820
190828
190835
190836
190841
190846
190851
190853
190888
190904
190909
190914
190916
190918
190920
190921
190948
190959
190973
190992
191098
191102
191190
191224
191237
191251
191252
191277
191310
191317
191322
191324
191327
191334
191356
191360
191362
191384
191401
191402
191407
191413
191415
191432
191445
191446
191447
191459
191476
191477
191481
191487
191489
191491
191505
191512
191513
191514
191517
191518
191519
191520
191562
191587
191646
191647
191673
191761
191786
191803
191810
191816
191819
191844
191858
191868
191872
191874
191884
191888
191890
191895
191903
191907
191916
191926
191953
191955
191962
191965
191966
191968
191978
191993
192007
192020
192022
192048
192049
192068
192078
192096
192146
192229
192255
192283
192306
192329
192330
192346
192348
192352
192356
192358
192363
192364
192365
192367
192370
192371
192372
192380
192403
192414
192416
192421
192439
192446
192448
192453
192475
192484
192491
192512
192515
192517
192522
192562
192563
192601
192630
192700
192706
192781
192837
192850
192855
192912
192913
192916
192919
192934
192940
192952
192954
192963
192967
192979
192980
192984
192986
192992
193006
193009
193011
193041
193107
193142
193204
193282
193283
193295
193341
193355
193401
193413
193422
193425
193433
193468
193472
193485
193486
193501
193508
193514
193515
193520
193521
193541
193544
193545
193551
193559
193574
193584
193718
193832
193857
193893
193896
193914
193927
193932
193948
193949
193954
193958
193967
193970
193972
193974
193977
193984
193996
194005
194010
194050
194060
194067
194075
194078
194091
194099
194104
194124
194154
194168
194169
194223
194260
194263
194343
194408
194411
194460
194482
194499
194529
194561
194575
194608
194632
194643
194644
194654
194661
194685
194687
194699
194702
194711
194713
194733
194737
194757
194762
194780
194786
194793
194797
194808
194829
194833
194839
194851
194857
194858
194876
194916
194931
195114
195174
195180
195183
195194
195196
195208
195213
195217
195239
195241
195284
195290
195360
195529
195572
195578
195599
195619
195634
195641
195660
195675
195677
195682
195695
195741
195752
195779
195787
195791
195793
195794
195795
195799
195805
195808
195809
195813
195834
195849
195852
195853
195864
195891
195899
195900
195905
195907
195909
195911
195914
195915
195916
195917
195919
195920
195923
195925
195961
196076
196135
196138
196172
196212
196245
196269
196279
196326
196327
196333
196350
196369
196425
196428
196442
196458
196479
196489
196492
196503
196507
196554
196571
196587
196620
196634
196668
196760
196904
196923
196956
196990
197001
197002
197016
197025
197026
197032
197033
197043
197072
197091
197097
197122
197126
197128
197129
197132
197135
197161
197180
197211
197221
197224
197255
197263
197272
197275
197296
197401
197432
197446
197492
197495
197506
197513
197516
197518
197523
197524
197525
197537
197539
197569
197576
197582
197583
197584
197586
197594
197614
197616
197618
197626
197631
197632
197634
197640
197641
197666
197672
197717
197923
197943
197958
197964
197974
197975
197978
197985
197986
197996
198001
198010
198013
198034
198043
198051
198054
198073
198075
198081
198083
198093
198106
198115
198123
198126
198135
198145
198147
198153
198154
198157
198227
198252
198308
198312
198322
198353
198368
198370
198371
198373
198380
198395
198397
198408
198412
198414
198422
198427
198428
198442
198455
198458
198459
198469
198470
198474
