1910
2291
2356
3184
5969
5984
6079
6292
6740
7165
7298
7511
7636
7774
7776
8051
8354
8400
8407
8478
8480
8672
8792
8858
8870
8899
8943
9046
9280
9302
9313
9365
9464
9469
9662
9719
9862
10100
10216
10311
10359
10368
10375
10451
10818
10983
11052
11054
11085
11112
11186
11214
11287
11382
11448
11486
11669
11671
11676
11691
11693
11695
11718
11795
11802
11824
11877
11879
11932
11933
11934
11935
12007
12034
12037
12183
12260
12269
12271
12347
12362
12381
12487
12488
12494
12590
12652
12932
13073
13160
13304
14043
14089
14242
14246
14267
14302
14312
14418
14675
14948
15361
15452
15741
15744
16347
16561
16563
16648
16711
16746
16749
16867
16931
17124
17145
17271
17301
17304
17501
17509
17641
17699
17731
17746
17913
17932
18176
18215
18349
18418
18429
18469
18601
18625
18687
18793
18823
18893
18941
19001
19029
19101
19218
19320
19336
19388
19461
19545
19591
19641
19779
19797
19824
19839
19851
19899
19909
19925
19932
19987
20003
20079
20155
20162
20167
20174
20177
20309
20396
20410
20417
20440
20460
20476
20587
20737
20814
20832
20843
20854
20887
20912
20920
20958
20960
21096
21148
21171
21184
21340
21390
21394
21981
23571
23780
24273
24769
25348
25677
26268
26301
26383
26417
26472
26497
26520
26539
26571
26583
26659
26673
26703
26709
27197
27379
28028
28049
28164
28323
28333
28729
28815
29045
29620
29883
30233
30272
30274
30276
30284
30405
30418
30439
30649
30702
30705
30760
31201
31217
31222
31228
31347
31403
31463
31899
32133
32140
32157
32447
32535
32619
32733
32897
33135
33146
33251
33350
33430
33432
33720
33759
34013
34239
34265
34345
34372
34374
34389
34505
34719
34894
34928
35173
35396
39113
42764
44018
44467
44849
44917
44934
44935
45213
45306
45499
45937
47301
47314
47603
47976
47977
48075
49173
49593
50112
50202
51464
51594
52112
52237
52480
52857
54439
54463
54480
54916
55658
55793
56710
57306
57447
58161
58165
58290
59178
59185
59238
59259
59758
59894
59953
60476
60741
60793
62201
63278
63757
63839
65116
65168
65354
65436
67123
67159
67659
68264
68275
68315
68333
68374
69343
69394
69397
69488
69914
69997
70376
73007
73025
73127
73385
74291
75292
75294
75323
75376
76116
76484
76562
76847
77010
77078
78097
79210
79237
79366
79974
79997
80007
80034
80067
80107
80707
81176
81334
81345
81653
81707
81850
82069
82106
82827
83400
83548
83737
83747
83776
83936
84116
84291
84603
85473
85502
85816
85927
85956
86104
86439
86488
86507
87671
87833
87873
87877
87888
87907
87909
87952
88051
88097
88244
88281
88287
88298
88357
88554
88619
89075
89707
89842
89848
90163
90718
90832
91921
91939
91988
92339
92452
92626
92891
93906
94072
94130
94557
94863
95180
95536
95935
96134
96156
96461
96549
96690
97141
97366
97606
97643
97692
97871
97916
97963
98040
98057
99515
100005
100146
100405
101410
102029
102326
102363
102456
102768
102835
102892
103685
104455
104643
104781
105042
105088
105111
105163
106708
106932
107071
108068
108702
108885
108933
108994
109316
109325
109493
110477
111060
111458
111644
111902
112900
112916
113098
113116
114988
115072
115239
115276
115288
115326
115600
115858
116195
116536
116651
116748
116791
116806
117536
119338
119931
120122
120182
120344
121964
123248
123279
123316
123591
123624
123626
123657
125002
125042
125324
125539
125636
126093
126331
128076
128244
128491
128740
129360
130195
131485
131621
131706
131715
131872
132959
133106
133180
133329
133485
133604
134567
134637
135520
136033
136399
136666
136961
137414
137610
138271
139060
139065
139286
139543
141475
141704
141884
141958
142308
142378
142442
142572
142630
144312
146158
146371
146419
147337
147949
148413
148463
148566
148617
149073
150593
150765
151403
151550
151583
153586
153967
153978
154021
154207
155236
156170
156239
156288
157598
157968
157989
158140
158305
159502
159818
159918
160596
160614
160616
160697
160699
160716
161438
161481
161499
161528
162234
162372
163979
165414
167089
167300
167498
168261
169635
169925
171122
171836
173092
173472
173897
173937
174028
174068
174162
175294
175357
176613
179289
179797
179858
180905
181464
181870
182127
182141
182456
183179
184025
184046
184122
184127
184395
184754
184804
185834
185862
185891
185978
188517
188546
189042
189093
189110
189288
192925
192965
192970
193008
193046
193992
194046
194069
194087
194513
195903
198432
